{
  "object": "pipette",
  "sequence": "pipette_rh_beaker__2026_0701_0035_47",
  "num_frames": 143,
  "fps": 15.0,
  "method": "DLT triangulation + mesh silhouette yaw + Kalman filter",
  "trajectory": [
    {
      "frame": 0,
      "timestamp": 0.0,
      "transform_4x4": [
        [
          0.9659258262890683,
          0.0,
          0.25881904510252074,
          0.0409589923646849
        ],
        [
          0.0,
          1.0,
          0.0,
          0.2570485399588267
        ],
        [
          -0.25881904510252074,
          0.0,
          0.9659258262890683,
          0.18831069655915897
        ],
        [
          0.0,
          0.0,
          0.0,
          1.0
        ]
      ]
    },
    {
      "frame": 5,
      "timestamp": 0.3333333333333333,
      "transform_4x4": [
        [
          0.8753692776137584,
          0.0,
          0.4834548870473509,
          0.17506813305733174
        ],
        [
          0.0,
          1.0,
          0.0,
          0.719462554486384
        ],
        [
          -0.4834548870473509,
          0.0,
          0.8753692776137584,
          0.0885159271411896
        ],
        [
          0.0,
          0.0,
          0.0,
          1.0
        ]
      ]
    },
    {
      "frame": 10,
      "timestamp": 0.6666666666666666,
      "transform_4x4": [
        [
          0.9694629477625674,
          0.0,
          0.24523782929130983,
          0.17315497208599148
        ],
        [
          0.0,
          1.0,
          0.0,
          0.7266783057207424
        ],
        [
          -0.24523782929130983,
          0.0,
          0.9694629477625674,
          0.10275964687879864
        ],
        [
          0.0,
          0.0,
          0.0,
          1.0
        ]
      ]
    },
    {
      "frame": 15,
      "timestamp": 1.0,
      "transform_4x4": [
        [
          0.9843530008441189,
          0.0,
          0.1762077459397796,
          0.17261217058027767
        ],
        [
          0.0,
          1.0,
          0.0,
          0.7242790946842302
        ],
        [
          -0.1762077459397796,
          0.0,
          0.9843530008441189,
          0.10401942583011878
        ],
        [
          0.0,
          0.0,
          0.0,
          1.0
        ]
      ]
    },
    {
      "frame": 20,
      "timestamp": 1.3333333333333333,
      "transform_4x4": [
        [
          0.9739600209648798,
          0.0,
          0.22671982172296049,
          0.17259242832121266
        ],
        [
          0.0,
          1.0,
          0.0,
          0.7235975189742608
        ],
        [
          -0.22671982172296049,
          0.0,
          0.9739600209648798,
          0.1047922674575445
        ],
        [
          0.0,
          0.0,
          0.0,
          1.0
        ]
      ]
    },
    {
      "frame": 25,
      "timestamp": 1.6666666666666667,
      "transform_4x4": [
        [
          0.9022432003084834,
          0.0,
          0.43122755883304353,
          0.1775023891550707
        ],
        [
          0.0,
          1.0,
          0.0,
          0.7295554261280587
        ],
        [
          -0.43122755883304353,
          0.0,
          0.9022432003084834,
          0.09579641468157411
        ],
        [
          0.0,
          0.0,
          0.0,
          1.0
        ]
      ]
    },
    {
      "frame": 30,
      "timestamp": 2.0,
      "transform_4x4": [
        [
          0.9704748706116536,
          0.0,
          0.24120225022021297,
          0.17294758809583613
        ],
        [
          0.0,
          1.0,
          0.0,
          0.725794755177546
        ],
        [
          -0.24120225022021297,
          0.0,
          0.9704748706116536,
          0.10468850398811043
        ],
        [
          0.0,
          0.0,
          0.0,
          1.0
        ]
      ]
    },
    {
      "frame": 35,
      "timestamp": 2.3333333333333335,
      "transform_4x4": [
        [
          0.982789719930504,
          0.0,
          0.18472781706857633,
          0.17187538212694548
        ],
        [
          0.0,
          1.0,
          0.0,
          0.7252904871086313
        ],
        [
          -0.18472781706857633,
          0.0,
          0.982789719930504,
          0.10554646331645726
        ],
        [
          0.0,
          0.0,
          0.0,
          1.0
        ]
      ]
    },
    {
      "frame": 40,
      "timestamp": 2.6666666666666665,
      "transform_4x4": [
        [
          0.9086931496140958,
          0.0,
          0.41746468095446654,
          0.17752212328191322
        ],
        [
          0.0,
          1.0,
          0.0,
          0.7306585583570058
        ],
        [
          -0.41746468095446654,
          0.0,
          0.9086931496140958,
          0.09637418927397808
        ],
        [
          0.0,
          0.0,
          0.0,
          1.0
        ]
      ]
    },
    {
      "frame": 45,
      "timestamp": 3.0,
      "transform_4x4": [
        [
          0.9530782177365489,
          0.0,
          0.3027241498065912,
          0.17269168301385524
        ],
        [
          0.0,
          1.0,
          0.0,
          0.7257470021036294
        ],
        [
          -0.3027241498065912,
          0.0,
          0.9530782177365489,
          0.10412915079125204
        ],
        [
          0.0,
          0.0,
          0.0,
          1.0
        ]
      ]
    },
    {
      "frame": 50,
      "timestamp": 3.3333333333333335,
      "transform_4x4": [
        [
          0.9633411008974988,
          0.0,
          0.2682795618782672,
          0.1719539546634344
        ],
        [
          0.0,
          1.0,
          0.0,
          0.7249927370082153
        ],
        [
          -0.2682795618782672,
          0.0,
          0.9633411008974988,
          0.10531794199050286
        ],
        [
          0.0,
          0.0,
          0.0,
          1.0
        ]
      ]
    },
    {
      "frame": 55,
      "timestamp": 3.6666666666666665,
      "transform_4x4": [
        [
          0.9806772458283128,
          0.0,
          0.19563266474337784,
          0.1669396395766083
        ],
        [
          0.0,
          1.0,
          0.0,
          0.7218876129135406
        ],
        [
          -0.19563266474337784,
          0.0,
          0.9806772458283128,
          0.10107185199780383
        ],
        [
          0.0,
          0.0,
          0.0,
          1.0
        ]
      ]
    },
    {
      "frame": 60,
      "timestamp": 4.0,
      "transform_4x4": [
        [
          0.9938345491902799,
          0.0,
          0.11087330082464851,
          0.17125142747032093
        ],
        [
          0.0,
          1.0,
          0.0,
          0.7231396777458607
        ],
        [
          -0.11087330082464851,
          0.0,
          0.9938345491902799,
          0.10437845368172652
        ],
        [
          0.0,
          0.0,
          0.0,
          1.0
        ]
      ]
    },
    {
      "frame": 65,
      "timestamp": 4.333333333333333,
      "transform_4x4": [
        [
          0.8905685067172219,
          0.0,
          0.45484913415709344,
          0.17734521426076702
        ],
        [
          0.0,
          1.0,
          0.0,
          0.7303647590567556
        ],
        [
          -0.45484913415709344,
          0.0,
          0.8905685067172219,
          0.09762187719463238
        ],
        [
          0.0,
          0.0,
          0.0,
          1.0
        ]
      ]
    },
    {
      "frame": 70,
      "timestamp": 4.666666666666667,
      "transform_4x4": [
        [
          0.9670261522257549,
          0.0,
          0.25467709145396444,
          0.17266021885469893
        ],
        [
          0.0,
          1.0,
          0.0,
          0.725673519331448
        ],
        [
          -0.25467709145396444,
          0.0,
          0.9670261522257549,
          0.10460703335392606
        ],
        [
          0.0,
          0.0,
          0.0,
          1.0
        ]
      ]
    },
    {
      "frame": 75,
      "timestamp": 5.0,
      "transform_4x4": [
        [
          0.9811904086549541,
          0.0,
          0.19304243565476506,
          0.17079601210787004
        ],
        [
          0.0,
          1.0,
          0.0,
          0.7254383471169187
        ],
        [
          -0.19304243565476506,
          0.0,
          0.9811904086549541,
          0.10479000896628207
        ],
        [
          0.0,
          0.0,
          0.0,
          1.0
        ]
      ]
    },
    {
      "frame": 80,
      "timestamp": 5.333333333333333,
      "transform_4x4": [
        [
          0.9080052629957912,
          0.0,
          0.41895875975081837,
          0.17759250529526047
        ],
        [
          0.0,
          1.0,
          0.0,
          0.7293632490121329
        ],
        [
          -0.41895875975081837,
          0.0,
          0.9080052629957912,
          0.09780354578011892
        ],
        [
          0.0,
          0.0,
          0.0,
          1.0
        ]
      ]
    },
    {
      "frame": 85,
      "timestamp": 5.666666666666667,
      "transform_4x4": [
        [
          0.9698320995621124,
          0.0,
          0.24377386787542446,
          0.17312810371357154
        ],
        [
          0.0,
          1.0,
          0.0,
          0.7262042293322791
        ],
        [
          -0.24377386787542446,
          0.0,
          0.9698320995621124,
          0.10566740835988794
        ],
        [
          0.0,
          0.0,
          0.0,
          1.0
        ]
      ]
    },
    {
      "frame": 90,
      "timestamp": 6.0,
      "transform_4x4": [
        [
          -0.798631358438827,
          0.0,
          0.6018205324830267,
          0.1730912915347328
        ],
        [
          0.0,
          1.0,
          0.0,
          0.7281671379570328
        ],
        [
          -0.6018205324830267,
          0.0,
          -0.798631358438827,
          0.10720670315278387
        ],
        [
          0.0,
          0.0,
          0.0,
          1.0
        ]
      ]
    },
    {
      "frame": 95,
      "timestamp": 6.333333333333333,
      "transform_4x4": [
        [
          -0.9999000383788814,
          0.0,
          -0.014139068212275027,
          0.1731443605453923
        ],
        [
          0.0,
          1.0,
          0.0,
          0.7284604397546195
        ],
        [
          0.014139068212275027,
          0.0,
          -0.9999000383788814,
          0.10725422480438768
        ],
        [
          0.0,
          0.0,
          0.0,
          1.0
        ]
      ]
    },
    {
      "frame": 100,
      "timestamp": 6.666666666666667,
      "transform_4x4": [
        [
          0.2707584637657603,
          0.0,
          0.9626473156349658,
          0.17743627579628768
        ],
        [
          0.0,
          1.0,
          0.0,
          0.7301790967702189
        ],
        [
          -0.9626473156349658,
          0.0,
          0.2707584637657603,
          0.09634791947747699
        ],
        [
          0.0,
          0.0,
          0.0,
          1.0
        ]
      ]
    },
    {
      "frame": 105,
      "timestamp": 7.0,
      "transform_4x4": [
        [
          0.7356296190474828,
          0.0,
          0.677383985328894,
          0.17834341098448522
        ],
        [
          0.0,
          1.0,
          0.0,
          0.7314815163172655
        ],
        [
          -0.677383985328894,
          0.0,
          0.7356296190474828,
          0.09543875941205034
        ],
        [
          0.0,
          0.0,
          0.0,
          1.0
        ]
      ]
    },
    {
      "frame": 110,
      "timestamp": 7.333333333333333,
      "transform_4x4": [
        [
          0.9476673887299928,
          0.0,
          0.31925933085452146,
          0.1723706195704179
        ],
        [
          0.0,
          1.0,
          0.0,
          0.7266387342909911
        ],
        [
          -0.31925933085452146,
          0.0,
          0.9476673887299928,
          0.1061574979920639
        ],
        [
          0.0,
          0.0,
          0.0,
          1.0
        ]
      ]
    },
    {
      "frame": 115,
      "timestamp": 7.666666666666667,
      "transform_4x4": [
        [
          0.9648318149856888,
          0.0,
          0.262867968363248,
          0.1710223479112705
        ],
        [
          0.0,
          1.0,
          0.0,
          0.7256850711942019
        ],
        [
          -0.262867968363248,
          0.0,
          0.9648318149856888,
          0.10620961268316488
        ],
        [
          0.0,
          0.0,
          0.0,
          1.0
        ]
      ]
    },
    {
      "frame": 120,
      "timestamp": 8.0,
      "transform_4x4": [
        [
          -0.7528398937292391,
          0.0,
          0.6582036876300132,
          0.17285248948038293
        ],
        [
          0.0,
          1.0,
          0.0,
          0.7256669139422998
        ],
        [
          -0.6582036876300132,
          0.0,
          -0.7528398937292391,
          0.10260620565752389
        ],
        [
          0.0,
          0.0,
          0.0,
          1.0
        ]
      ]
    },
    {
      "frame": 125,
      "timestamp": 8.333333333333334,
      "transform_4x4": [
        [
          -0.999801883959569,
          0.0,
          0.019904593211024165,
          0.1731626363151927
        ],
        [
          0.0,
          1.0,
          0.0,
          0.7270678608708794
        ],
        [
          -0.019904593211024165,
          0.0,
          -0.999801883959569,
          0.10455205985581936
        ],
        [
          0.0,
          0.0,
          0.0,
          1.0
        ]
      ]
    },
    {
      "frame": 130,
      "timestamp": 8.666666666666666,
      "transform_4x4": [
        [
          0.7899478008222014,
          0.0,
          -0.613174095976149,
          0.17136089912092223
        ],
        [
          0.0,
          1.0,
          0.0,
          0.7242417187088454
        ],
        [
          0.613174095976149,
          0.0,
          0.7899478008222014,
          0.10442536113735247
        ],
        [
          0.0,
          0.0,
          0.0,
          1.0
        ]
      ]
    },
    {
      "frame": 135,
      "timestamp": 9.0,
      "transform_4x4": [
        [
          0.9976333738802237,
          0.0,
          0.06875791823755201,
          0.17112101703442828
        ],
        [
          0.0,
          1.0,
          0.0,
          0.7238604895808004
        ],
        [
          -0.06875791823755201,
          0.0,
          0.9976333738802237,
          0.1043801257141839
        ],
        [
          0.0,
          0.0,
          0.0,
          1.0
        ]
      ]
    },
    {
      "frame": 140,
      "timestamp": 9.333333333333334,
      "transform_4x4": [
        [
          0.9633762927316689,
          0.0,
          0.2681531625817339,
          0.17113459639174303
        ],
        [
          0.0,
          1.0,
          0.0,
          0.7238791232411759
        ],
        [
          -0.2681531625817339,
          0.0,
          0.9633762927316689,
          0.1043658261184318
        ],
        [
          0.0,
          0.0,
          0.0,
          1.0
        ]
      ]
    },
    {
      "frame": 145,
      "timestamp": 9.666666666666666,
      "transform_4x4": [
        [
          0.9676639189570448,
          0.0,
          0.25224301764111096,
          0.1710500493019513
        ],
        [
          0.0,
          1.0,
          0.0,
          0.7228892943359375
        ],
        [
          -0.25224301764111096,
          0.0,
          0.9676639189570448,
          0.10316684170441164
        ],
        [
          0.0,
          0.0,
          0.0,
          1.0
        ]
      ]
    },
    {
      "frame": 150,
      "timestamp": 10.0,
      "transform_4x4": [
        [
          0.8802997983901861,
          0.0,
          0.4744178168599885,
          0.17655914547909896
        ],
        [
          0.0,
          1.0,
          0.0,
          0.726112909292431
        ],
        [
          -0.4744178168599885,
          0.0,
          0.8802997983901861,
          0.09116768513281165
        ],
        [
          0.0,
          0.0,
          0.0,
          1.0
        ]
      ]
    },
    {
      "frame": 155,
      "timestamp": 10.333333333333334,
      "transform_4x4": [
        [
          0.9557076304223946,
          0.0,
          0.29431772823330155,
          0.17166948539047147
        ],
        [
          0.0,
          1.0,
          0.0,
          0.7242838443823099
        ],
        [
          -0.29431772823330155,
          0.0,
          0.9557076304223946,
          0.10186819839547193
        ],
        [
          0.0,
          0.0,
          0.0,
          1.0
        ]
      ]
    },
    {
      "frame": 160,
      "timestamp": 10.666666666666666,
      "transform_4x4": [
        [
          0.8520663604183526,
          0.0,
          0.5234337756043471,
          0.17644851088195773
        ],
        [
          0.0,
          1.0,
          0.0,
          0.7289856475787043
        ],
        [
          -0.5234337756043471,
          0.0,
          0.8520663604183526,
          0.0958145776926223
        ],
        [
          0.0,
          0.0,
          0.0,
          1.0
        ]
      ]
    },
    {
      "frame": 165,
      "timestamp": 11.0,
      "transform_4x4": [
        [
          0.9562036935502912,
          0.0,
          0.2927020608755269,
          0.17046313733259594
        ],
        [
          0.0,
          1.0,
          0.0,
          0.7251328659184184
        ],
        [
          -0.2927020608755269,
          0.0,
          0.9562036935502912,
          0.10315065645684962
        ],
        [
          0.0,
          0.0,
          0.0,
          1.0
        ]
      ]
    },
    {
      "frame": 170,
      "timestamp": 11.333333333333334,
      "transform_4x4": [
        [
          0.9771355465431614,
          0.0,
          0.21261731745508713,
          0.16938356557031287
        ],
        [
          0.0,
          1.0,
          0.0,
          0.7249382236073221
        ],
        [
          -0.21261731745508713,
          0.0,
          0.9771355465431614,
          0.10575325003008847
        ],
        [
          0.0,
          0.0,
          0.0,
          1.0
        ]
      ]
    },
    {
      "frame": 175,
      "timestamp": 11.666666666666666,
      "transform_4x4": [
        [
          0.9832813228531768,
          0.0,
          0.18209294365270334,
          0.16937009751858875
        ],
        [
          0.0,
          1.0,
          0.0,
          0.7249694314679888
        ],
        [
          -0.18209294365270334,
          0.0,
          0.9832813228531768,
          0.10592207288119573
        ],
        [
          0.0,
          0.0,
          0.0,
          1.0
        ]
      ]
    },
    {
      "frame": 180,
      "timestamp": 12.0,
      "transform_4x4": [
        [
          0.9859188175876598,
          0.0,
          0.16722465466118006,
          0.16918985531671057
        ],
        [
          0.0,
          1.0,
          0.0,
          0.7261129222958898
        ],
        [
          -0.16722465466118006,
          0.0,
          0.9859188175876598,
          0.10466753701090672
        ],
        [
          0.0,
          0.0,
          0.0,
          1.0
        ]
      ]
    },
    {
      "frame": 185,
      "timestamp": 12.333333333333334,
      "transform_4x4": [
        [
          0.9754234445278904,
          0.0,
          0.2203386118349334,
          0.16874834554223792
        ],
        [
          0.0,
          1.0,
          0.0,
          0.7248521356618052
        ],
        [
          -0.2203386118349334,
          0.0,
          0.9754234445278904,
          0.10583670550029856
        ],
        [
          0.0,
          0.0,
          0.0,
          1.0
        ]
      ]
    },
    {
      "frame": 190,
      "timestamp": 12.666666666666666,
      "transform_4x4": [
        [
          0.9729059601298967,
          0.0,
          0.2312011953769354,
          0.16871151458191946
        ],
        [
          0.0,
          1.0,
          0.0,
          0.7246668834125738
        ],
        [
          -0.2312011953769354,
          0.0,
          0.9729059601298967,
          0.10599286666244952
        ],
        [
          0.0,
          0.0,
          0.0,
          1.0
        ]
      ]
    },
    {
      "frame": 195,
      "timestamp": 13.0,
      "transform_4x4": [
        [
          0.9858756092506371,
          0.0,
          0.1674792019466447,
          0.16897188710908756
        ],
        [
          0.0,
          1.0,
          0.0,
          0.7249110919116395
        ],
        [
          -0.1674792019466447,
          0.0,
          0.9858756092506371,
          0.10442830370205948
        ],
        [
          0.0,
          0.0,
          0.0,
          1.0
        ]
      ]
    },
    {
      "frame": 200,
      "timestamp": 13.333333333333334,
      "transform_4x4": [
        [
          0.9967008304432768,
          0.0,
          0.08116313568167738,
          0.1701071023076551
        ],
        [
          0.0,
          1.0,
          0.0,
          0.7253151528286254
        ],
        [
          -0.08116313568167738,
          0.0,
          0.9967008304432768,
          0.10227012567624903
        ],
        [
          0.0,
          0.0,
          0.0,
          1.0
        ]
      ]
    },
    {
      "frame": 205,
      "timestamp": 13.666666666666666,
      "transform_4x4": [
        [
          0.9932684686919105,
          0.0,
          0.11583500810388539,
          0.16919424954085469
        ],
        [
          0.0,
          1.0,
          0.0,
          0.723502901679214
        ],
        [
          -0.11583500810388539,
          0.0,
          0.9932684686919105,
          0.10203088535287246
        ],
        [
          0.0,
          0.0,
          0.0,
          1.0
        ]
      ]
    },
    {
      "frame": 210,
      "timestamp": 14.0,
      "transform_4x4": [
        [
          0.903546269249934,
          0.0,
          0.4284905358634259,
          0.17557871892913451
        ],
        [
          0.0,
          1.0,
          0.0,
          0.730831270512762
        ],
        [
          -0.4284905358634259,
          0.0,
          0.903546269249934,
          0.09737461629542556
        ],
        [
          0.0,
          0.0,
          0.0,
          1.0
        ]
      ]
    },
    {
      "frame": 215,
      "timestamp": 14.333333333333334,
      "transform_4x4": [
        [
          0.8597295572891304,
          0.0,
          0.5107495358034463,
          0.1761154593901332
        ],
        [
          0.0,
          1.0,
          0.0,
          0.7318060744177075
        ],
        [
          -0.5107495358034463,
          0.0,
          0.8597295572891304,
          0.09825785343829997
        ],
        [
          0.0,
          0.0,
          0.0,
          1.0
        ]
      ]
    },
    {
      "frame": 220,
      "timestamp": 14.666666666666666,
      "transform_4x4": [
        [
          -0.8591733498967249,
          0.0,
          0.5116846243803305,
          0.170129507169569
        ],
        [
          0.0,
          1.0,
          0.0,
          0.7277736949006749
        ],
        [
          -0.5116846243803305,
          0.0,
          -0.8591733498967249,
          0.10490271316608023
        ],
        [
          0.0,
          0.0,
          0.0,
          1.0
        ]
      ]
    },
    {
      "frame": 225,
      "timestamp": 15.0,
      "transform_4x4": [
        [
          -0.9999944735305468,
          0.0,
          -0.003324591458278024,
          0.17107178592522992
        ],
        [
          0.0,
          1.0,
          0.0,
          0.7251896325084098
        ],
        [
          0.003324591458278024,
          0.0,
          -0.9999944735305468,
          0.10345148703022711
        ],
        [
          0.0,
          0.0,
          0.0,
          1.0
        ]
      ]
    },
    {
      "frame": 230,
      "timestamp": 15.333333333333334,
      "transform_4x4": [
        [
          0.2527753232015776,
          0.0,
          0.9675250053514576,
          0.17547984735797076
        ],
        [
          0.0,
          1.0,
          0.0,
          0.7271460288652314
        ],
        [
          -0.9675250053514576,
          0.0,
          0.2527753232015776,
          0.09343377769248254
        ],
        [
          0.0,
          0.0,
          0.0,
          1.0
        ]
      ]
    },
    {
      "frame": 235,
      "timestamp": 15.666666666666666,
      "transform_4x4": [
        [
          0.9005309934848907,
          0.0,
          0.4347918234892599,
          0.1705845833568331
        ],
        [
          0.0,
          1.0,
          0.0,
          0.7230806060791563
        ],
        [
          -0.4347918234892599,
          0.0,
          0.9005309934848907,
          0.10001773887027224
        ],
        [
          0.0,
          0.0,
          0.0,
          1.0
        ]
      ]
    },
    {
      "frame": 240,
      "timestamp": 16.0,
      "transform_4x4": [
        [
          0.9979136529326323,
          0.0,
          0.06456269271529613,
          0.17170942049924195
        ],
        [
          0.0,
          1.0,
          0.0,
          0.7214694012836109
        ],
        [
          -0.06456269271529613,
          0.0,
          0.9979136529326323,
          0.0966672048007316
        ],
        [
          0.0,
          0.0,
          0.0,
          1.0
        ]
      ]
    },
    {
      "frame": 245,
      "timestamp": 16.333333333333332,
      "transform_4x4": [
        [
          -0.6056262037939614,
          0.0,
          -0.7957492703597756,
          0.171844407947279
        ],
        [
          0.0,
          1.0,
          0.0,
          0.7216852779676315
        ],
        [
          0.7957492703597756,
          0.0,
          -0.6056262037939614,
          0.09736560417535425
        ],
        [
          0.0,
          0.0,
          0.0,
          1.0
        ]
      ]
    },
    {
      "frame": 250,
      "timestamp": 16.666666666666668,
      "transform_4x4": [
        [
          0.8294165643097736,
          0.0,
          -0.5586306139557436,
          0.1712852759084166
        ],
        [
          0.0,
          1.0,
          0.0,
          0.7204600443840009
        ],
        [
          0.5586306139557436,
          0.0,
          0.8294165643097736,
          0.1007623054196901
        ],
        [
          0.0,
          0.0,
          0.0,
          1.0
        ]
      ]
    },
    {
      "frame": 255,
      "timestamp": 17.0,
      "transform_4x4": [
        [
          0.9990071840115246,
          0.0,
          -0.04454936916909021,
          0.1715237290349264
        ],
        [
          0.0,
          1.0,
          0.0,
          0.7189476579258036
        ],
        [
          0.04454936916909021,
          0.0,
          0.9990071840115246,
          0.10075625241215289
        ],
        [
          0.0,
          0.0,
          0.0,
          1.0
        ]
      ]
    },
    {
      "frame": 260,
      "timestamp": 17.333333333333332,
      "transform_4x4": [
        [
          -0.5739010170855893,
          0.0,
          -0.8189246745507954,
          0.17272159607147972
        ],
        [
          0.0,
          1.0,
          0.0,
          0.7195318201673093
        ],
        [
          0.8189246745507954,
          0.0,
          -0.5739010170855893,
          0.09839426005862899
        ],
        [
          0.0,
          0.0,
          0.0,
          1.0
        ]
      ]
    },
    {
      "frame": 265,
      "timestamp": 17.666666666666668,
      "transform_4x4": [
        [
          -0.9644042729610316,
          0.0,
          -0.26443221871493644,
          0.17427075203821737
        ],
        [
          0.0,
          1.0,
          0.0,
          0.7177560902045443
        ],
        [
          0.26443221871493644,
          0.0,
          -0.9644042729610316,
          0.0957200770536782
        ],
        [
          0.0,
          0.0,
          0.0,
          1.0
        ]
      ]
    },
    {
      "frame": 270,
      "timestamp": 18.0,
      "transform_4x4": [
        [
          -0.9999841603358406,
          0.0,
          -0.005628416955411805,
          0.17431392605412968
        ],
        [
          0.0,
          1.0,
          0.0,
          0.7190665343121774
        ],
        [
          0.005628416955411805,
          0.0,
          -0.9999841603358406,
          0.09658519730299317
        ],
        [
          0.0,
          0.0,
          0.0,
          1.0
        ]
      ]
    },
    {
      "frame": 275,
      "timestamp": 18.333333333333332,
      "transform_4x4": [
        [
          -0.9978903860412578,
          0.0,
          0.06492131734976961,
          0.1742634053368122
        ],
        [
          0.0,
          1.0,
          0.0,
          0.7192834248394585
        ],
        [
          -0.06492131734976961,
          0.0,
          -0.9978903860412578,
          0.0967873786294297
        ],
        [
          0.0,
          0.0,
          0.0,
          1.0
        ]
      ]
    },
    {
      "frame": 280,
      "timestamp": 18.666666666666668,
      "transform_4x4": [
        [
          0.4696545716820746,
          0.0,
          0.8828502609718859,
          0.17907507137202158
        ],
        [
          0.0,
          1.0,
          0.0,
          0.7241802310948978
        ],
        [
          -0.8828502609718859,
          0.0,
          0.4696545716820746,
          0.08976133023824766
        ],
        [
          0.0,
          0.0,
          0.0,
          1.0
        ]
      ]
    },
    {
      "frame": 285,
      "timestamp": 19.0,
      "transform_4x4": [
        [
          0.9697961991485722,
          0.0,
          0.2439166499380124,
          0.1743217458841848
        ],
        [
          0.0,
          1.0,
          0.0,
          0.720791039526617
        ],
        [
          -0.2439166499380124,
          0.0,
          0.9697961991485722,
          0.09855973437897066
        ],
        [
          0.0,
          0.0,
          0.0,
          1.0
        ]
      ]
    },
    {
      "frame": 290,
      "timestamp": 19.333333333333332,
      "transform_4x4": [
        [
          -0.6576442233125503,
          0.0,
          -0.7533286636944279,
          0.1743461824769934
        ],
        [
          0.0,
          1.0,
          0.0,
          0.725775138611264
        ],
        [
          0.7533286636944279,
          0.0,
          -0.6576442233125503,
          0.1033931885375087
        ],
        [
          0.0,
          0.0,
          0.0,
          1.0
        ]
      ]
    },
    {
      "frame": 295,
      "timestamp": 19.666666666666668,
      "transform_4x4": [
        [
          -0.9831517328596752,
          0.0,
          -0.18279132959475378,
          0.174622100381864
        ],
        [
          0.0,
          1.0,
          0.0,
          0.7254079170817533
        ],
        [
          0.18279132959475378,
          0.0,
          -0.9831517328596752,
          0.10311285687114569
        ],
        [
          0.0,
          0.0,
          0.0,
          1.0
        ]
      ]
    },
    {
      "frame": 300,
      "timestamp": 20.0,
      "transform_4x4": [
        [
          -0.9999926413473693,
          0.0,
          -0.003836306962640317,
          0.1743747026758211
        ],
        [
          0.0,
          1.0,
          0.0,
          0.7246626604018751
        ],
        [
          0.003836306962640317,
          0.0,
          -0.9999926413473693,
          0.10360527499745384
        ],
        [
          0.0,
          0.0,
          0.0,
          1.0
        ]
      ]
    },
    {
      "frame": 305,
      "timestamp": 20.333333333333332,
      "transform_4x4": [
        [
          -0.9994762266576643,
          0.0,
          0.032361587509841694,
          0.17434841383653218
        ],
        [
          0.0,
          1.0,
          0.0,
          0.7245289091995113
        ],
        [
          -0.032361587509841694,
          0.0,
          -0.9994762266576643,
          0.10359293739298188
        ],
        [
          0.0,
          0.0,
          0.0,
          1.0
        ]
      ]
    },
    {
      "frame": 310,
      "timestamp": 20.666666666666668,
      "transform_4x4": [
        [
          -0.9958280257435007,
          0.0,
          0.0912498939385781,
          0.1738944393782759
        ],
        [
          0.0,
          1.0,
          0.0,
          0.7240693936131648
        ],
        [
          -0.0912498939385781,
          0.0,
          -0.9958280257435007,
          0.10296246984265954
        ],
        [
          0.0,
          0.0,
          0.0,
          1.0
        ]
      ]
    },
    {
      "frame": 315,
      "timestamp": 21.0,
      "transform_4x4": [
        [
          -0.9955283175844348,
          0.0,
          0.09446358498122247,
          0.174534687052174
        ],
        [
          0.0,
          1.0,
          0.0,
          0.721286964151674
        ],
        [
          -0.09446358498122247,
          0.0,
          -0.9955283175844348,
          0.09929385262743112
        ],
        [
          0.0,
          0.0,
          0.0,
          1.0
        ]
      ]
    },
    {
      "frame": 320,
      "timestamp": 21.333333333333332,
      "transform_4x4": [
        [
          -0.9965857592721098,
          0.0,
          0.0825640624971454,
          0.174977032817673
        ],
        [
          0.0,
          1.0,
          0.0,
          0.7239926493625766
        ],
        [
          -0.0825640624971454,
          0.0,
          -0.9965857592721098,
          0.1010691400505446
        ],
        [
          0.0,
          0.0,
          0.0,
          1.0
        ]
      ]
    },
    {
      "frame": 325,
      "timestamp": 21.666666666666668,
      "transform_4x4": [
        [
          -0.9977235953586611,
          0.0,
          0.06743609763759208,
          0.17507358764203104
        ],
        [
          0.0,
          1.0,
          0.0,
          0.7258604632597468
        ],
        [
          -0.06743609763759208,
          0.0,
          -0.9977235953586611,
          0.103459174816091
        ],
        [
          0.0,
          0.0,
          0.0,
          1.0
        ]
      ]
    },
    {
      "frame": 330,
      "timestamp": 22.0,
      "transform_4x4": [
        [
          0.445840489327307,
          0.0,
          0.8951124276181107,
          0.17975216468081562
        ],
        [
          0.0,
          1.0,
          0.0,
          0.7291398320378745
        ],
        [
          -0.8951124276181107,
          0.0,
          0.445840489327307,
          0.0946925516906883
        ],
        [
          0.0,
          0.0,
          0.0,
          1.0
        ]
      ]
    },
    {
      "frame": 335,
      "timestamp": 22.333333333333332,
      "transform_4x4": [
        [
          0.8572786703297917,
          0.0,
          0.5148526793147574,
          0.1809894116357591
        ],
        [
          0.0,
          1.0,
          0.0,
          0.7290595633929557
        ],
        [
          -0.5148526793147574,
          0.0,
          0.8572786703297917,
          0.09083572168767437
        ],
        [
          0.0,
          0.0,
          0.0,
          1.0
        ]
      ]
    },
    {
      "frame": 340,
      "timestamp": 22.666666666666668,
      "transform_4x4": [
        [
          0.9258689856516075,
          0.0,
          0.3778447054127708,
          0.17949697913214693
        ],
        [
          0.0,
          1.0,
          0.0,
          0.7300182679817895
        ],
        [
          -0.3778447054127708,
          0.0,
          0.9258689856516075,
          0.09589847656957957
        ],
        [
          0.0,
          0.0,
          0.0,
          1.0
        ]
      ]
    },
    {
      "frame": 345,
      "timestamp": 23.0,
      "transform_4x4": [
        [
          0.9373117767628873,
          0.0,
          0.34849194128645117,
          0.17884378075602453
        ],
        [
          0.0,
          1.0,
          0.0,
          0.7298540192624405
        ],
        [
          -0.34849194128645117,
          0.0,
          0.9373117767628873,
          0.09461613498030057
        ],
        [
          0.0,
          0.0,
          0.0,
          1.0
        ]
      ]
    },
    {
      "frame": 350,
      "timestamp": 23.333333333333332,
      "transform_4x4": [
        [
          -0.5852713743947088,
          0.0,
          -0.8108374795938633,
          0.17352409315434245
        ],
        [
          0.0,
          1.0,
          0.0,
          0.7263610146125336
        ],
        [
          0.8108374795938633,
          0.0,
          -0.5852713743947088,
          0.10404205049950993
        ],
        [
          0.0,
          0.0,
          0.0,
          1.0
        ]
      ]
    },
    {
      "frame": 355,
      "timestamp": 23.666666666666668,
      "transform_4x4": [
        [
          -0.9785554573354822,
          0.0,
          -0.20598353555307602,
          0.17287534952968156
        ],
        [
          0.0,
          1.0,
          0.0,
          0.7259079291479146
        ],
        [
          0.20598353555307602,
          0.0,
          -0.9785554573354822,
          0.10523722738173481
        ],
        [
          0.0,
          0.0,
          0.0,
          1.0
        ]
      ]
    },
    {
      "frame": 360,
      "timestamp": 24.0,
      "transform_4x4": [
        [
          0.4494087096143108,
          0.0,
          0.893326262752193,
          0.1784481795463612
        ],
        [
          0.0,
          1.0,
          0.0,
          0.7273917585655559
        ],
        [
          -0.893326262752193,
          0.0,
          0.4494087096143108,
          0.09470931410957088
        ],
        [
          0.0,
          0.0,
          0.0,
          1.0
        ]
      ]
    },
    {
      "frame": 365,
      "timestamp": 24.333333333333332,
      "transform_4x4": [
        [
          0.9897978026847325,
          0.0,
          0.1424791556701379,
          0.17437332892919333
        ],
        [
          0.0,
          1.0,
          0.0,
          0.7221698838553317
        ],
        [
          -0.1424791556701379,
          0.0,
          0.9897978026847325,
          0.10027826264083559
        ],
        [
          0.0,
          0.0,
          0.0,
          1.0
        ]
      ]
    },
    {
      "frame": 370,
      "timestamp": 24.666666666666668,
      "transform_4x4": [
        [
          0.9799142075736249,
          0.0,
          0.19941952210191166,
          0.1793565084267632
        ],
        [
          0.0,
          1.0,
          0.0,
          0.7263001286500247
        ],
        [
          -0.19941952210191166,
          0.0,
          0.9799142075736249,
          0.09375469918371393
        ],
        [
          0.0,
          0.0,
          0.0,
          1.0
        ]
      ]
    },
    {
      "frame": 375,
      "timestamp": 25.0,
      "transform_4x4": [
        [
          0.9715766520036686,
          0.0,
          0.2367251766951335,
          0.18112990655619965
        ],
        [
          0.0,
