{
  "object": "drink_ad",
  "sequence": "weigh_drink_ad__left__2026_0701_0049_04",
  "num_frames": 42,
  "fps": 15.0,
  "method": "multi-view mask centroid triangulation",
  "trajectory": [
    {
      "frame": 0,
      "timestamp": 0.0,
      "transform_4x4": [
        [
          -0.1639008626697705,
          -0.9819277008117622,
          -0.09462820718280386,
          0.06147617577869427
        ],
        [
          0.8503743335826317,
          -0.18925641436560778,
          0.490963850405881,
          0.4581063213239938
        ],
        [
          -0.4999999999999999,
          0.0,
          0.8660254037844386,
          0.0651516685918309
        ],
        [
          0.0,
          0.0,
          0.0,
          1.0
        ]
      ],
      "interpolated": true,
      "smoothing": "gaussian_sigma1.0_linear_interp"
    },
    {
      "frame": 1,
      "timestamp": 0.1,
      "transform_4x4": [
        [
          -0.1639008626697705,
          -0.9819277008117622,
          -0.09462820718280386,
          0.06463577801031066
        ],
        [
          0.8503743335826317,
          -0.18925641436560778,
          0.490963850405881,
          0.46594310527396365
        ],
        [
          -0.4999999999999999,
          0.0,
          0.8660254037844386,
          0.05538185357846619
        ],
        [
          0.0,
          0.0,
          0.0,
          1.0
        ]
      ],
      "interpolated": true,
      "smoothing": "gaussian_sigma1.0_linear_interp"
    },
    {
      "frame": 3,
      "timestamp": 0.201,
      "transform_4x4": [
        [
          -0.1639008626697705,
          -0.9819277008117622,
          -0.09462820718280386,
          0.06779538024192705
        ],
        [
          0.8503743335826317,
          -0.18925641436560778,
          0.490963850405881,
          0.4737798892239335
        ],
        [
          -0.4999999999999999,
          0.0,
          0.8660254037844386,
          0.04561203856510149
        ],
        [
          0.0,
          0.0,
          0.0,
          1.0
        ]
      ],
      "interpolated": true,
      "smoothing": "gaussian_sigma1.0_linear_interp"
    },
    {
      "frame": 4,
      "timestamp": 0.301,
      "transform_4x4": [
        [
          -0.1639008626697705,
          -0.9819277008117622,
          -0.09462820718280386,
          0.07095498247354344
        ],
        [
          0.8503743335826317,
          -0.18925641436560778,
          0.490963850405881,
          0.48161667317390333
        ],
        [
          -0.4999999999999999,
          0.0,
          0.8660254037844386,
          0.03584222355173679
        ],
        [
          0.0,
          0.0,
          0.0,
          1.0
        ]
      ],
      "interpolated": true,
      "smoothing": "gaussian_sigma1.0_linear_interp"
    },
    {
      "frame": 6,
      "timestamp": 0.402,
      "transform_4x4": [
        [
          -0.1639008626697705,
          -0.9819277008117622,
          -0.09462820718280386,
          0.07411458470515983
        ],
        [
          0.8503743335826317,
          -0.18925641436560778,
          0.490963850405881,
          0.48945345712387317
        ],
        [
          -0.4999999999999999,
          0.0,
          0.8660254037844386,
          0.02607240853837208
        ],
        [
          0.0,
          0.0,
          0.0,
          1.0
        ]
      ],
      "interpolated": true,
      "smoothing": "gaussian_sigma1.0_linear_interp"
    },
    {
      "frame": 7,
      "timestamp": 0.502,
      "transform_4x4": [
        [
          -0.1639008626697705,
          -0.9819277008117622,
          -0.09462820718280386,
          0.07727418693677622
        ],
        [
          0.8503743335826317,
          -0.18925641436560778,
          0.490963850405881,
          0.497290241073843
        ],
        [
          -0.4999999999999999,
          0.0,
          0.8660254037844386,
          0.016302593525007375
        ],
        [
          0.0,
          0.0,
          0.0,
          1.0
        ]
      ],
      "interpolated": true,
      "smoothing": "gaussian_sigma1.0_linear_interp"
    },
    {
      "frame": 9,
      "timestamp": 0.603,
      "transform_4x4": [
        [
          -0.1639008626697705,
          -0.9819277008117622,
          -0.09462820718280386,
          0.08043378916839261
        ],
        [
          0.8503743335826317,
          -0.18925641436560778,
          0.490963850405881,
          0.5051270250238129
        ],
        [
          -0.4999999999999999,
          0.0,
          0.8660254037844386,
          0.006532778511642669
        ],
        [
          0.0,
          0.0,
          0.0,
          1.0
        ]
      ],
      "interpolated": true,
      "smoothing": "gaussian_sigma1.0_linear_interp"
    },
    {
      "frame": 10,
      "timestamp": 0.703,
      "transform_4x4": [
        [
          -0.05477320283309232,
          -0.9979979266854916,
          -0.03162332340006382,
          0.083593391400009
        ],
        [
          0.8642915574338353,
          -0.06324664680012765,
          0.4989989633427457,
          0.5129638089737827
        ],
        [
          -0.4999999999999999,
          0.0,
          0.8660254037844386,
          -0.0032370365017220376
        ],
        [
          0.0,
          0.0,
          0.0,
          1.0
        ]
      ],
      "interpolated": true,
      "smoothing": "gaussian_sigma1.0_linear_interp"
    },
    {
      "frame": 12,
      "timestamp": 0.804,
      "transform_4x4": [
        [
          -0.05477320283309232,
          -0.9979979266854916,
          -0.03162332340006382,
          0.08675299363162539
        ],
        [
          0.8642915574338353,
          -0.06324664680012765,
          0.4989989633427457,
          0.5208005929237526
        ],
        [
          -0.4999999999999999,
          0.0,
          0.8660254037844386,
          -0.013006851515086737
        ],
        [
          0.0,
          0.0,
          0.0,
          1.0
        ]
      ],
      "interpolated": true,
      "smoothing": "gaussian_sigma1.0_linear_interp"
    },
    {
      "frame": 13,
      "timestamp": 0.904,
      "transform_4x4": [
        [
          -0.05477320283309232,
          -0.9979979266854916,
          -0.03162332340006382,
          0.08991259586324178
        ],
        [
          0.8642915574338353,
          -0.06324664680012765,
          0.4989989633427457,
          0.5286373768737224
        ],
        [
          -0.4999999999999999,
          0.0,
          0.8660254037844386,
          -0.02277666652845145
        ],
        [
          0.0,
          0.0,
          0.0,
          1.0
        ]
      ],
      "interpolated": true,
      "smoothing": "gaussian_sigma1.0_linear_interp"
    },
    {
      "frame": 15,
      "timestamp": 1.005,
      "transform_4x4": [
        [
          -0.05477320283309232,
          -0.9979979266854916,
          -0.03162332340006382,
          0.09307219809485817
        ],
        [
          0.8642915574338353,
          -0.06324664680012765,
          0.4989989633427457,
          0.5364741608236923
        ],
        [
          -0.4999999999999999,
          0.0,
          0.8660254037844386,
          -0.03254648154181615
        ],
        [
          0.0,
          0.0,
          0.0,
          1.0
        ]
      ],
      "interpolated": true,
      "smoothing": "gaussian_sigma1.0_linear_interp"
    },
    {
      "frame": 16,
      "timestamp": 1.105,
      "transform_4x4": [
        [
          -0.05477320283309232,
          -0.9979979266854916,
          -0.03162332340006382,
          0.09623180032647456
        ],
        [
          0.8642915574338353,
          -0.06324664680012765,
          0.4989989633427457,
          0.544310944773662
        ],
        [
          -0.4999999999999999,
          0.0,
          0.8660254037844386,
          -0.04231629655518086
        ],
        [
          0.0,
          0.0,
          0.0,
          1.0
        ]
      ],
      "interpolated": true,
      "smoothing": "gaussian_sigma1.0_linear_interp"
    },
    {
      "frame": 18,
      "timestamp": 1.206,
      "transform_4x4": [
        [
          -0.05477320283309232,
          -0.9979979266854916,
          -0.03162332340006382,
          0.09939140255809095
        ],
        [
          0.8642915574338353,
          -0.06324664680012765,
          0.4989989633427457,
          0.5521477287236319
        ],
        [
          -0.4999999999999999,
          0.0,
          0.8660254037844386,
          -0.05208611156854556
        ],
        [
          0.0,
          0.0,
          0.0,
          1.0
        ]
      ],
      "interpolated": true,
      "smoothing": "gaussian_sigma1.0_linear_interp"
    },
    {
      "frame": 19,
      "timestamp": 1.306,
      "transform_4x4": [
        [
          -0.05477320283309232,
          -0.9979979266854916,
          -0.03162332340006382,
          0.10254575174616773
        ],
        [
          0.8642915574338353,
          -0.06324664680012765,
          0.4989989633427457,
          0.5599725580676618
        ],
        [
          -0.4999999999999999,
          0.0,
          0.8660254037844386,
          -0.06183962575527132
        ],
        [
          0.0,
          0.0,
          0.0,
          1.0
        ]
      ],
      "interpolated": true,
      "smoothing": "gaussian_sigma1.0_linear_interp"
    },
    {
      "frame": 21,
      "timestamp": 1.407,
      "transform_4x4": [
        [
          -0.05477320283309232,
          -0.9979979266854916,
          -0.03162332340006382,
          0.10440002041313291
        ],
        [
          0.8642915574338353,
          -0.06324664680012765,
          0.4989989633427457,
          0.5648387311197759
        ],
        [
          -0.4999999999999999,
          0.0,
          0.8660254037844386,
          -0.06755883353819134
        ],
        [
          0.0,
          0.0,
          0.0,
          1.0
        ]
      ],
      "interpolated": true,
      "smoothing": "gaussian_sigma1.0_linear_interp"
    },
    {
      "frame": 22,
      "timestamp": 1.507,
      "transform_4x4": [
        [
          -0.05477320283309232,
          -0.9979979266854916,
          -0.03162332340006382,
          0.1062542890800981
        ],
        [
          0.8642915574338353,
          -0.06324664680012765,
          0.4989989633427457,
          0.5697049041718901
        ],
        [
          -0.4999999999999999,
          0.0,
          0.8660254037844386,
          -0.07327804132111136
        ],
        [
          0.0,
          0.0,
          0.0,
          1.0
        ]
      ],
      "interpolated": true,
      "smoothing": "gaussian_sigma1.0_linear_interp"
    },
    {
      "frame": 24,
      "timestamp": 1.608,
      "transform_4x4": [
        [
          -0.05477320283309232,
          -0.9979979266854916,
          -0.03162332340006382,
          0.10810855774706328
        ],
        [
          0.8642915574338353,
          -0.06324664680012765,
          0.4989989633427457,
          0.5745710772240042
        ],
        [
          -0.4999999999999999,
          0.0,
          0.8660254037844386,
          -0.07899724910403139
        ],
        [
          0.0,
          0.0,
          0.0,
          1.0
        ]
      ],
      "interpolated": true,
      "smoothing": "gaussian_sigma1.0_linear_interp"
    },
    {
      "frame": 25,
      "timestamp": 1.708,
      "transform_4x4": [
        [
          -0.05477320283309232,
          -0.9979979266854916,
          -0.03162332340006382,
          0.10996282641402846
        ],
        [
          0.8642915574338353,
          -0.06324664680012765,
          0.4989989633427457,
          0.5794372502761184
        ],
        [
          -0.4999999999999999,
          0.0,
          0.8660254037844386,
          -0.0847164568869514
        ],
        [
          0.0,
          0.0,
          0.0,
          1.0
        ]
      ],
      "interpolated": true,
      "smoothing": "gaussian_sigma1.0_linear_interp"
    },
    {
      "frame": 27,
      "timestamp": 1.809,
      "transform_4x4": [
        [
          -0.05477320283309232,
          -0.9979979266854916,
          -0.03162332340006382,
          0.11181709508099365
        ],
        [
          0.8642915574338353,
          -0.06324664680012765,
          0.4989989633427457,
          0.5843034233282325
        ],
        [
          -0.4999999999999999,
          0.0,
          0.8660254037844386,
          -0.09043566466987144
        ],
        [
          0.0,
          0.0,
          0.0,
          1.0
        ]
      ],
      "interpolated": true,
      "smoothing": "gaussian_sigma1.0_linear_interp"
    },
    {
      "frame": 28,
      "timestamp": 1.909,
      "transform_4x4": [
        [
          -0.05477320283309232,
          -0.9979979266854916,
          -0.03162332340006382,
          0.11367136374795882
        ],
        [
          0.8642915574338353,
          -0.06324664680012765,
          0.4989989633427457,
          0.5891695963803467
        ],
        [
          -0.4999999999999999,
          0.0,
          0.8660254037844386,
          -0.09615487245279145
        ],
        [
          0.0,
          0.0,
          0.0,
          1.0
        ]
      ],
      "interpolated": true,
      "smoothing": "gaussian_sigma1.0_linear_interp"
    },
    {
      "frame": 30,
      "timestamp": 2.01,
      "transform_4x4": [
        [
          -0.1938522652354498,
          -0.974625602826087,
          -0.11192065751670564,
          0.115525632414924
        ],
        [
          0.8440505312261138,
          -0.22384131503341134,
          0.4873128014130434,
          0.5940357694324608
        ],
        [
          -0.4999999999999999,
          0.0,
          0.8660254037844386,
          -0.10187408023571146
        ],
        [
          0.0,
          0.0,
          0.0,
          1.0
        ]
      ],
      "interpolated": true,
      "smoothing": "gaussian_sigma1.0_linear_interp"
    },
    {
      "frame": 31,
      "timestamp": 2.11,
      "transform_4x4": [
        [
          -0.1938522652354498,
          -0.974625602826087,
          -0.11192065751670564,
          0.1173799010818892
        ],
        [
          0.8440505312261138,
          -0.22384131503341134,
          0.4873128014130434,
          0.598901942484575
        ],
        [
          -0.4999999999999999,
          0.0,
          0.8660254037844386,
          -0.1075932880186315
        ],
        [
          0.0,
          0.0,
          0.0,
          1.0
        ]
      ],
      "interpolated": true,
      "smoothing": "gaussian_sigma1.0_linear_interp"
    },
    {
      "frame": 33,
      "timestamp": 2.211,
      "transform_4x4": [
        [
          -0.1938522652354498,
          -0.974625602826087,
          -0.11192065751670564,
          0.11923416974885437
        ],
        [
          0.8440505312261138,
          -0.22384131503341134,
          0.4873128014130434,
          0.6037681155366892
        ],
        [
          -0.4999999999999999,
          0.0,
          0.8660254037844386,
          -0.11331249580155152
        ],
        [
          0.0,
          0.0,
          0.0,
          1.0
        ]
      ],
      "interpolated": true,
      "smoothing": "gaussian_sigma1.0_linear_interp"
    },
    {
      "frame": 34,
      "timestamp": 2.311,
      "transform_4x4": [
        [
          -0.1938522652354498,
          -0.974625602826087,
          -0.11192065751670564,
          0.12108843841581955
        ],
        [
          0.8440505312261138,
          -0.22384131503341134,
          0.4873128014130434,
          0.6086342885888033
        ],
        [
          -0.4999999999999999,
          0.0,
          0.8660254037844386,
          -0.11903170358447153
        ],
        [
          0.0,
          0.0,
          0.0,
          1.0
        ]
      ],
      "interpolated": true,
      "smoothing": "gaussian_sigma1.0_linear_interp"
    },
    {
      "frame": 36,
      "timestamp": 2.412,
      "transform_4x4": [
        [
          -0.1938522652354498,
          -0.974625602826087,
          -0.11192065751670564,
          0.12294270708278474
        ],
        [
          0.8440505312261138,
          -0.22384131503341134,
          0.4873128014130434,
          0.6135004616409174
        ],
        [
          -0.4999999999999999,
          0.0,
          0.8660254037844386,
          -0.12475091136739155
        ],
        [
          0.0,
          0.0,
          0.0,
          1.0
        ]
      ],
      "interpolated": true,
      "smoothing": "gaussian_sigma1.0_linear_interp"
    },
    {
      "frame": 37,
      "timestamp": 2.512,
      "transform_4x4": [
        [
          -0.1938522652354498,
          -0.974625602826087,
          -0.11192065751670564,
          0.1247969757497499
        ],
        [
          0.8440505312261138,
          -0.22384131503341134,
          0.4873128014130434,
          0.6183666346930315
        ],
        [
          -0.4999999999999999,
          0.0,
          0.8660254037844386,
          -0.13047011915031156
        ],
        [
          0.0,
          0.0,
          0.0,
          1.0
        ]
      ],
      "interpolated": true,
      "smoothing": "gaussian_sigma1.0_linear_interp"
    },
    {
      "frame": 39,
      "timestamp": 2.613,
      "transform_4x4": [
        [
          -0.1938522652354498,
          -0.974625602826087,
          -0.11192065751670564,
          0.1266512444167151
        ],
        [
          0.8440505312261138,
          -0.22384131503341134,
          0.4873128014130434,
          0.6232328077451458
        ],
        [
          -0.4999999999999999,
          0.0,
          0.8660254037844386,
          -0.1361893269332316
        ],
        [
          0.0,
          0.0,
          0.0,
          1.0
        ]
      ],
      "interpolated": true,
      "smoothing": "gaussian_sigma1.0_linear_interp"
    },
    {
      "frame": 40,
      "timestamp": 2.713,
      "transform_4x4": [
        [
          -0.1938522652354498,
          -0.974625602826087,
          -0.11192065751670564,
          0.1270340957930541
        ],
        [
          0.8440505312261138,
          -0.22384131503341134,
          0.4873128014130434,
          0.6243480692039959
        ],
        [
          -0.4999999999999999,
          0.0,
          0.8660254037844386,
          -0.13739673324291174
        ],
        [
          0.0,
          0.0,
          0.0,
          1.0
        ]
      ],
      "interpolated": true,
      "smoothing": "gaussian_sigma1.0_linear_interp"
    },
    {
      "frame": 42,
      "timestamp": 2.814,
      "transform_4x4": [
        [
          -0.1938522652354498,
          -0.974625602826087,
          -0.11192065751670564,
          0.12741414262063888
        ],
        [
          0.8440505312261138,
          -0.22384131503341134,
          0.4873128014130434,
          0.6254561813555061
        ],
        [
          -0.4999999999999999,
          0.0,
          0.8660254037844386,
          -0.13859553997497265
        ],
        [
          0.0,
          0.0,
          0.0,
          1.0
        ]
      ],
      "interpolated": true,
      "smoothing": "gaussian_sigma1.0_linear_interp"
    },
    {
      "frame": 43,
      "timestamp": 2.914,
      "transform_4x4": [
        [
          -0.1938522652354498,
          -0.974625602826087,
          -0.11192065751670564,
          0.12779418944822366
        ],
        [
          0.8440505312261138,
          -0.22384131503341134,
          0.4873128014130434,
          0.6265642935070163
        ],
        [
          -0.4999999999999999,
          0.0,
          0.8660254037844386,
          -0.13979434670703353
        ],
        [
          0.0,
          0.0,
          0.0,
          1.0
        ]
      ],
      "interpolated": true,
      "smoothing": "gaussian_sigma1.0_linear_interp"
    },
    {
      "frame": 45,
      "timestamp": 3.015,
      "transform_4x4": [
        [
          -0.1938522652354498,
          -0.974625602826087,
          -0.11192065751670564,
          0.12817423627580843
        ],
        [
          0.8440505312261138,
          -0.22384131503341134,
          0.4873128014130434,
          0.6276724056585264
        ],
        [
          -0.4999999999999999,
          0.0,
          0.8660254037844386,
          -0.14099315343909444
        ],
        [
          0.0,
          0.0,
          0.0,
          1.0
        ]
      ],
      "interpolated": true,
      "smoothing": "gaussian_sigma1.0_linear_interp"
    },
    {
      "frame": 46,
      "timestamp": 3.115,
      "transform_4x4": [
        [
          -0.1938522652354498,
          -0.974625602826087,
          -0.11192065751670564,
          0.12855428310339323
        ],
        [
          0.8440505312261138,
          -0.22384131503341134,
          0.4873128014130434,
          0.6287805178100366
        ],
        [
          -0.4999999999999999,
          0.0,
          0.8660254037844386,
          -0.14219196017115532
        ],
        [
          0.0,
          0.0,
          0.0,
          1.0
        ]
      ],
      "interpolated": true,
      "smoothing": "gaussian_sigma1.0_linear_interp"
    },
    {
      "frame": 48,
      "timestamp": 3.216,
      "transform_4x4": [
        [
          -0.1938522652354498,
          -0.974625602826087,
          -0.11192065751670564,
          0.128934329930978
        ],
        [
          0.8440505312261138,
          -0.22384131503341134,
          0.4873128014130434,
          0.6298886299615468
        ],
        [
          -0.4999999999999999,
          0.0,
          0.8660254037844386,
          -0.14339076690321623
        ],
        [
          0.0,
          0.0,
          0.0,
          1.0
        ]
      ],
      "interpolated": true,
      "smoothing": "gaussian_sigma1.0_linear_interp"
    },
    {
      "frame": 49,
      "timestamp": 3.316,
      "transform_4x4": [
        [
          -0.13152516572856385,
          -0.9884001421692018,
          -0.07593608983859647,
          0.12931437675856278
        ],
        [
          0.8559796322226795,
          -0.15187217967719296,
          0.4942000710846008,
          0.630996742113057
        ],
        [
          -0.4999999999999999,
          0.0,
          0.8660254037844386,
          -0.1445895736352771
        ],
        [
          0.0,
          0.0,
          0.0,
          1.0
        ]
      ],
      "interpolated": true,
      "smoothing": "gaussian_sigma1.0_linear_interp"
    },
    {
      "frame": 51,
      "timestamp": 3.417,
      "transform_4x4": [
        [
          -0.13152516572856385,
          -0.9884001421692018,
          -0.07593608983859647,
          0.12969442358614758
        ],
        [
          0.8559796322226795,
          -0.15187217967719296,
          0.4942000710846008,
          0.6321048542645672
        ],
        [
          -0.4999999999999999,
          0.0,
          0.8660254037844386,
          -0.14578838036733802
        ],
        [
          0.0,
          0.0,
          0.0,
          1.0
        ]
      ],
      "interpolated": true,
      "smoothing": "gaussian_sigma1.0_linear_interp"
    },
    {
      "frame": 52,
      "timestamp": 3.517,
      "transform_4x4": [
        [
          -0.13152516572856385,
          -0.9884001421692018,
          -0.07593608983859647,
          0.13007447041373235
        ],
        [
          0.8559796322226795,
          -0.15187217967719296,
          0.4942000710846008,
          0.6332129664160773
        ],
        [
          -0.4999999999999999,
          0.0,
          0.8660254037844386,
          -0.14698718709939892
        ],
        [
          0.0,
          0.0,
          0.0,
          1.0
        ]
      ],
      "interpolated": true,
      "smoothing": "gaussian_sigma1.0_linear_interp"
    },
    {
      "frame": 54,
      "timestamp": 3.618,
      "transform_4x4": [
        [
          -0.13152516572856385,
          -0.9884001421692018,
          -0.07593608983859647,
          0.13045451724131713
        ],
        [
          0.8559796322226795,
          -0.15187217967719296,
          0.4942000710846008,
          0.6343210785675875
        ],
        [
          -0.4999999999999999,
          0.0,
          0.8660254037844386,
          -0.1481859938314598
        ],
        [
          0.0,
          0.0,
          0.0,
          1.0
        ]
      ],
      "interpolated": true,
      "smoothing": "gaussian_sigma1.0_linear_interp"
    },
    {
      "frame": 55,
      "timestamp": 3.718,
      "transform_4x4": [
        [
          -0.13152516572856385,
          -0.9884001421692018,
          -0.07593608983859647,
          0.1308345640689019
        ],
        [
          0.8559796322226795,
          -0.15187217967719296,
          0.4942000710846008,
          0.6354291907190976
        ],
        [
          -0.4999999999999999,
          0.0,
          0.8660254037844386,
          -0.14938480056352071
        ],
        [
          0.0,
          0.0,
          0.0,
          1.0
        ]
      ],
      "interpolated": true,
      "smoothing": "gaussian_sigma1.0_linear_interp"
    },
    {
      "frame": 57,
      "timestamp": 3.819,
      "transform_4x4": [
        [
          -0.13152516572856385,
          -0.9884001421692018,
          -0.07593608983859647,
          0.1312146108964867
        ],
        [
          0.8559796322226795,
          -0.15187217967719296,
          0.4942000710846008,
          0.6365373028706078
        ],
        [
          -0.4999999999999999,
          0.0,
          0.8660254037844386,
          -0.1505836072955816
        ],
        [
          0.0,
          0.0,
          0.0,
          1.0
        ]
      ],
      "interpolated": true,
      "smoothing": "gaussian_sigma1.0_linear_interp"
    },
    {
      "frame": 58,
      "timestamp": 3.919,
      "transform_4x4": [
        [
          -0.13152516572856385,
          -0.9884001421692018,
          -0.07593608983859647,
          0.1315940131876297
        ],
        [
          0.8559796322226795,
          -0.15187217967719296,
          0.4942000710846008,
          0.6376432600703206
        ],
        [
          -0.4999999999999999,
          0.0,
          0.8660254037844386,
          -0.1517802063283505
        ],
        [
          0.0,
          0.0,
          0.0,
          1.0
        ]
      ],
      "interpolated": true,
      "smoothing": "gaussian_sigma1.0_linear_interp"
    },
    {
      "frame": 60,
      "timestamp": 4.02,
      "transform_4x4": [
        [
          -0.13152516572856385,
          -0.9884001421692018,
          -0.07593608983859647,
          0.1316703055479789
        ],
        [
          0.8559796322226795,
          -0.15187217967719296,
          0.4942000710846008,
          0.6377357954557674
        ],
        [
          -0.4999999999999999,
          0.0,
          0.8660254037844386,
          -0.15193857767337587
        ],
        [
          0.0,
          0.0,
          0.0,
          1.0
        ]
      ],
      "interpolated": true,
      "smoothing": "gaussian_sigma1.0_linear_interp"
    },
    {
      "frame": 61,
      "timestamp": 4.12,
      "transform_4x4": [
        [
          -0.13152516572856385,
          -0.9884001421692018,
          -0.07593608983859647,
          0.1317465979083281
        ],
        [
          0.8559796322226795,
          -0.15187217967719296,
          0.4942000710846008,
          0.6378283308412144
        ],
        [
          -0.4999999999999999,
          0.0,
          0.8660254037844386,
          -0.15209694901840126
        ],
        [
          0.0,
          0.0,
          0.0,
          1.0
        ]
      ],
      "interpolated": true,
      "smoothing": "gaussian_sigma1.0_linear_interp"
    },
    {
      "frame": 63,
      "timestamp": 4.221,
      "transform_4x4": [
        [
          -0.13152516572856385,
          -0.9884001421692018,
          -0.07593608983859647,
          0.1318228902686773
        ],
        [
          0.8559796322226795,
          -0.15187217967719296,
          0.4942000710846008,
          0.6379208662266612
        ],
        [
          -0.4999999999999999,
          0.0,
          0.8660254037844386,
          -0.15225532036342665
        ],
        [
          0.0,
          0.0,
          0.0,
          1.0
        ]
      ],
      "interpolated": true,
      "smoothing": "gaussian_sigma1.0_linear_interp"
    },
    {
      "frame": 64,
      "timestamp": 4.321,
      "transform_4x4": [
        [
          -0.13152516572856385,
          -0.9884001421692018,
          -0.07593608983859647,
          0.1318991826290265
        ],
        [
          0.8559796322226795,
          -0.15187217967719296,
          0.4942000710846008,
          0.6380134016121082
        ],
        [
          -0.4999999999999999,
          0.0,
          0.8660254037844386,
          -0.15241369170845204
        ],
        [
          0.0,
          0.0,
          0.0,
          1.0
        ]
      ],
      "interpolated": true,
      "smoothing": "gaussian_sigma1.0_linear_interp"
    },
    {
      "frame": 66,
      "timestamp": 4.422,
      "transform_4x4": [
        [
          -0.13152516572856385,
          -0.9884001421692018,
          -0.07593608983859647,
          0.1319754749893757
        ],
        [
          0.8559796322226795,
          -0.15187217967719296,
          0.4942000710846008,
          0.638105936997555
        ],
        [
          -0.4999999999999999,
          0.0,
          0.8660254037844386,
          -0.15257206305347742
        ],
        [
          0.0,
          0.0,
          0.0,
          1.0
        ]
      ],
      "interpolated": true,
      "smoothing": "gaussian_sigma1.0_linear_interp"
    },
    {
      "frame": 67,
      "timestamp": 4.522,
      "transform_4x4": [
        [
          -0.13152516572856385,
          -0.9884001421692018,
          -0.07593608983859647,
          0.13205176734972493
        ],
        [
          0.8559796322226795,
          -0.15187217967719296,
          0.4942000710846008,
          0.638198472383002
        ],
        [
          -0.4999999999999999,
          0.0,
          0.8660254037844386,
          -0.1527304343985028
        ],
        [
          0.0,
          0.0,
          0.0,
          1.0
        ]
      ],
      "interpolated": true,
      "smoothing": "gaussian_sigma1.0_linear_interp"
    },
    {
      "frame": 69,
      "timestamp": 4.623,
      "transform_4x4": [
        [
          -0.17834653345794815,
          -0.9785652858503502,
          -0.10296841910098295,
          0.13212805971007413
        ],
        [
          0.8474623968079841,
          -0.20593683820196595,
          0.489282642925175,
          0.6382910077684488
        ],
        [
          -0.4999999999999999,
          0.0,
          0.8660254037844386,
          -0.1528888057435282
        ],
        [
          0.0,
          0.0,
          0.0,
          1.0
        ]
      ],
      "interpolated": true,
      "smoothing": "gaussian_sigma1.0_linear_interp"
    },
    {
      "frame": 70,
      "timestamp": 4.723,
      "transform_4x4": [
        [
          -0.17834653345794815,
          -0.9785652858503502,
          -0.10296841910098295,
          0.13220435207042333
        ],
        [
          0.8474623968079841,
          -0.20593683820196595,
          0.489282642925175,
          0.6383835431538958
        ],
        [
          -0.4999999999999999,
          0.0,
          0.8660254037844386,
          -0.1530471770885536
        ],
        [
          0.0,
          0.0,
          0.0,
          1.0
        ]
      ],
      "interpolated": true,
      "smoothing": "gaussian_sigma1.0_linear_interp"
    },
    {
      "frame": 72,
      "timestamp": 4.824,
      "transform_4x4": [
        [
          -0.17834653345794815,
          -0.9785652858503502,
          -0.10296841910098295,
          0.13228064443077253
        ],
        [
          0.8474623968079841,
          -0.20593683820196595,
          0.489282642925175,
          0.6384760785393426
        ],
        [
          -0.4999999999999999,
          0.0,
          0.8660254037844386,
          -0.15320554843357898
        ],
        [
          0.0,
          0.0,
          0.0,
          1.0
        ]
      ],
      "interpolated": true,
      "smoothing": "gaussian_sigma1.0_linear_interp"
    },
    {
      "frame": 73,
      "timestamp": 4.924,
      "transform_4x4": [
        [
          -0.17834653345794815,
          -0.9785652858503502,
          -0.10296841910098295,
          0.13235693679112173
        ],
        [
          0.8474623968079841,
          -0.20593683820196595,
          0.489282642925175,
          0.6385686139247895
        ],
        [
          -0.4999999999999999,
          0.0,
          0.8660254037844386,
          -0.15336391977860436
        ],
        [
          0.0,
          0.0,
          0.0,
          1.0
        ]
      ],
      "interpolated": true,
      "smoothing": "gaussian_sigma1.0_linear_interp"
    },
    {
      "frame": 75,
      "timestamp": 5.025,
      "transform_4x4": [
        [
          -0.17834653345794815,
          -0.9785652858503502,
          -0.10296841910098295,
          0.13243322915147093
        ],
        [
          0.8474623968079841,
          -0.20593683820196595,
          0.489282642925175,
          0.6386611493102364
        ],
        [
          -0.4999999999999999,
          0.0,
          0.8660254037844386,
          -0.15352229112362975
        ],
        [
          0.0,
          0.0,
          0.0,
          1.0
        ]
      ],
      "interpolated": true,
      "smoothing": "gaussian_sigma1.0_linear_interp"
    },
    {
      "frame": 76,
      "timestamp": 5.125,
      "transform_4x4": [
        [
          -0.17834653345794815,
          -0.9785652858503502,
          -0.10296841910098295,
          0.13250952151182016
        ],
        [
          0.8474623968079841,
          -0.20593683820196595,
          0.489282642925175,
          0.6387536846956833
        ],
        [
          -0.4999999999999999,
          0.0,
          0.8660254037844386,
          -0.15368066246865514
        ],
        [
          0.0,
          0.0,
          0.0,
          1.0
        ]
      ],
      "interpolated": true,
      "smoothing": "gaussian_sigma1.0_linear_interp"
    },
    {
      "frame": 78,
      "timestamp": 5.226,
      "transform_4x4": [
        [
          -0.17834653345794815,
          -0.9785652858503502,
          -0.10296841910098295,
          0.13258575563791739
        ],
        [
          0.8474623968079841,
          -0.20593683820196595,
          0.489282642925175,
          0.6388453615309526
        ],
        [
          -0.4999999999999999,
          0.0,
          0.8660254037844386,
          -0.15383884995716232
        ],
        [
          0.0,
          0.0,
          0.0,
          1.0
        ]
      ],
      "interpolated": true,
      "smoothing": "gaussian_sigma1.0_linear_interp"
    },
    {
      "frame": 79,
      "timestamp": 5.326,
      "transform_4x4": [
        [
          -0.17834653345794815,
          -0.9785652858503502,
          -0.10296841910098295,
          0.1326525731468198
        ],
        [
          0.8474623968079841,
          -0.20593683820196595,
          0.489282642925175,
          0.6387982087583282
        ],
        [
          -0.4999999999999999,
          0.0,
          0.8660254037844386,
          -0.15396730740892148
        ],
        [
          0.0,
          0.0,
          0.0,
          1.0
        ]
      ],
      "interpolated": true,
      "smoothing": "gaussian_sigma1.0_linear_interp"
    },
    {
      "frame": 81,
      "timestamp": 5.427,
      "transform_4x4": [
        [
          -0.17834653345794815,
          -0.9785652858503502,
          -0.10296841910098295,
          0.1327193906557222
        ],
        [
          0.8474623968079841,
          -0.20593683820196595,
          0.489282642925175,
          0.6387510559857037
        ],
        [
          -0.4999999999999999,
          0.0,
          0.8660254037844386,
          -0.15409576486068063
        ],
        [
          0.0,
          0.0,
          0.0,
          1.0
        ]
      ],
      "interpolated": true,
      "smoothing": "gaussian_sigma1.0_linear_interp"
    },
    {
      "frame": 82,
      "timestamp": 5.527,
      "transform_4x4": [
        [
          -0.17834653345794815,
          -0.9785652858503502,
          -0.10296841910098295,
          0.13278620816462458
        ],
        [
          0.8474623968079841,
          -0.20593683820196595,
          0.489282642925175,
          0.6387039032130792
        ],
        [
          -0.4999999999999999,
          0.0,
          0.8660254037844386,
          -0.1542242223124398
        ],
        [
          0.0,
          0.0,
          0.0,
          1.0
        ]
      ],
      "interpolated": true,
      "smoothing": "gaussian_sigma1.0_linear_interp"
    },
    {
      "frame": 84,
      "timestamp": 5.628,
      "transform_4x4": [
        [
          -0.17834653345794815,
          -0.9785652858503502,
          -0.10296841910098295,
          0.132853025673527
        ],
        [
          0.8474623968079841,
          -0.20593683820196595,
          0.489282642925175,
          0.6386567504404548
        ],
        [
          -0.4999999999999999,
          0.0,
          0.8660254037844386,
          -0.15435267976419895
        ],
        [
          0.0,
          0.0,
          0.0,
          1.0
        ]
      ],
      "interpolated": true,
      "smoothing": "gaussian_sigma1.0_linear_interp"
    },
    {
      "frame": 85,
      "timestamp": 5.728,
      "transform_4x4": [
        [
          -0.17834653345794815,
          -0.9785652858503502,
          -0.10296841910098295,
          0.1329198431824294
        ],
        [
          0.8474623968079841,
          -0.20593683820196595,
          0.489282642925175,
          0.6386095976678303
        ],
        [
          -0.4999999999999999,
          0.0,
          0.8660254037844386,
          -0.1544811372159581
        ],
        [
          0.0,
          0.0,
          0.0,
          1.0
        ]
      ],
      "interpolated": true,
      "smoothing": "gaussian_sigma1.0_linear_interp"
    },
    {
      "frame": 87,
      "timestamp": 5.829,
      "transform_4x4": [
        [
          -0.17834653345794815,
          -0.9785652858503502,
          -0.10296841910098295,
          0.13298666069133178
        ],
        [
          0.8474623968079841,
          -0.20593683820196595,
          0.489282642925175,
          0.6385624448952059
        ],
        [
          -0.4999999999999999,
          0.0,
          0.8660254037844386,
          -0.1546095946677173
        ],
        [
          0.0,
          0.0,
          0.0,
          1.0
        ]
      ],
      "interpolated": true,
      "smoothing": "gaussian_sigma1.0_linear_interp"
    },
    {
      "frame": 88,
      "timestamp": 5.929,
      "transform_4x4": [
        [
          -0.09560180760610228,
          -0.9938881857851319,
          -0.05519572935639795,
          0.1330534782002342
        ],
        [
          0.860732417411152,
          -0.11039145871279593,
          0.49694409289256586,
          0.6385152921225814
        ],
        [
          -0.4999999999999999,
          0.0,
          0.8660254037844386,
          -0.15473805211947644
        ],
        [
