{
  "object": "drink_yykx",
  "sequence": "grasp_drink_yykx__2026_0701_0054_45",
  "num_frames": 53,
  "fps": 15.0,
  "method": "multi-view mask centroid triangulation",
  "trajectory": [
    {
      "frame": 0,
      "timestamp": 0.0,
      "transform_4x4": [
        [
          0.10615251731122134,
          -0.9924593312027051,
          0.06128718444479004,
          0.0789673897042502
        ],
        [
          0.8594949930444566,
          0.12257436888958011,
          0.49622966560135245,
          0.4854287490815042
        ],
        [
          -0.4999999999999999,
          0.0,
          0.8660254037844386,
          0.1523807664077796
        ],
        [
          0.0,
          0.0,
          0.0,
          1.0
        ]
      ],
      "interpolated": true,
      "smoothing": "gaussian_sigma1.0_linear_interp"
    },
    {
      "frame": 1,
      "timestamp": 0.1,
      "transform_4x4": [
        [
          0.10615251731122134,
          -0.9924593312027051,
          0.06128718444479004,
          0.08209993028359132
        ],
        [
          0.8594949930444566,
          0.12257436888958011,
          0.49622966560135245,
          0.49350714958918773
        ],
        [
          -0.4999999999999999,
          0.0,
          0.8660254037844386,
          0.15080811987781076
        ],
        [
          0.0,
          0.0,
          0.0,
          1.0
        ]
      ],
      "interpolated": true,
      "smoothing": "gaussian_sigma1.0_linear_interp"
    },
    {
      "frame": 3,
      "timestamp": 0.2,
      "transform_4x4": [
        [
          0.10615251731122134,
          -0.9924593312027051,
          0.06128718444479004,
          0.08523247086293244
        ],
        [
          0.8594949930444566,
          0.12257436888958011,
          0.49622966560135245,
          0.5015855500968713
        ],
        [
          -0.4999999999999999,
          0.0,
          0.8660254037844386,
          0.14923547334784196
        ],
        [
          0.0,
          0.0,
          0.0,
          1.0
        ]
      ],
      "interpolated": true,
      "smoothing": "gaussian_sigma1.0_linear_interp"
    },
    {
      "frame": 4,
      "timestamp": 0.301,
      "transform_4x4": [
        [
          0.10615251731122134,
          -0.9924593312027051,
          0.06128718444479004,
          0.08836501144227356
        ],
        [
          0.8594949930444566,
          0.12257436888958011,
          0.49622966560135245,
          0.5096639506045548
        ],
        [
          -0.4999999999999999,
          0.0,
          0.8660254037844386,
          0.14766282681787313
        ],
        [
          0.0,
          0.0,
          0.0,
          1.0
        ]
      ],
      "interpolated": true,
      "smoothing": "gaussian_sigma1.0_linear_interp"
    },
    {
      "frame": 6,
      "timestamp": 0.401,
      "transform_4x4": [
        [
          0.10615251731122134,
          -0.9924593312027051,
          0.06128718444479004,
          0.09149755202161468
        ],
        [
          0.8594949930444566,
          0.12257436888958011,
          0.49622966560135245,
          0.5177423511122384
        ],
        [
          -0.4999999999999999,
          0.0,
          0.8660254037844386,
          0.14609018028790433
        ],
        [
          0.0,
          0.0,
          0.0,
          1.0
        ]
      ],
      "interpolated": true,
      "smoothing": "gaussian_sigma1.0_linear_interp"
    },
    {
      "frame": 7,
      "timestamp": 0.501,
      "transform_4x4": [
        [
          0.10615251731122134,
          -0.9924593312027051,
          0.06128718444479004,
          0.0946300926009558
        ],
        [
          0.8594949930444566,
          0.12257436888958011,
          0.49622966560135245,
          0.525820751619922
        ],
        [
          -0.4999999999999999,
          0.0,
          0.8660254037844386,
          0.1445175337579355
        ],
        [
          0.0,
          0.0,
          0.0,
          1.0
        ]
      ],
      "interpolated": true,
      "smoothing": "gaussian_sigma1.0_linear_interp"
    },
    {
      "frame": 9,
      "timestamp": 0.601,
      "transform_4x4": [
        [
          0.10615251731122134,
          -0.9924593312027051,
          0.06128718444479004,
          0.09776263318029692
        ],
        [
          0.8594949930444566,
          0.12257436888958011,
          0.49622966560135245,
          0.5338991521276055
        ],
        [
          -0.4999999999999999,
          0.0,
          0.8660254037844386,
          0.1429448872279667
        ],
        [
          0.0,
          0.0,
          0.0,
          1.0
        ]
      ],
      "interpolated": true,
      "smoothing": "gaussian_sigma1.0_linear_interp"
    },
    {
      "frame": 10,
      "timestamp": 0.701,
      "transform_4x4": [
        [
          0.10615251731122134,
          -0.9924593312027051,
          0.06128718444479004,
          0.10089517375963804
        ],
        [
          0.8594949930444566,
          0.12257436888958011,
          0.49622966560135245,
          0.5419775526352891
        ],
        [
          -0.4999999999999999,
          0.0,
          0.8660254037844386,
          0.14137224069799786
        ],
        [
          0.0,
          0.0,
          0.0,
          1.0
        ]
      ],
      "interpolated": true,
      "smoothing": "gaussian_sigma1.0_linear_interp"
    },
    {
      "frame": 12,
      "timestamp": 0.802,
      "transform_4x4": [
        [
          0.10615251731122134,
          -0.9924593312027051,
          0.06128718444479004,
          0.10402771433897916
        ],
        [
          0.8594949930444566,
          0.12257436888958011,
          0.49622966560135245,
          0.5500559531429727
        ],
        [
          -0.4999999999999999,
          0.0,
          0.8660254037844386,
          0.13979959416802906
        ],
        [
          0.0,
          0.0,
          0.0,
          1.0
        ]
      ],
      "interpolated": true,
      "smoothing": "gaussian_sigma1.0_linear_interp"
    },
    {
      "frame": 13,
      "timestamp": 0.902,
      "transform_4x4": [
        [
          -0.1557228597488261,
          -0.9837007613779355,
          -0.08990663499496308,
          0.10716025491832028
        ],
        [
          0.8519098490753862,
          -0.1798132699899262,
          0.49185038068896764,
          0.5581343536506562
        ],
        [
          -0.4999999999999999,
          0.0,
          0.8660254037844386,
          0.13822694763806023
        ],
        [
          0.0,
          0.0,
          0.0,
          1.0
        ]
      ],
      "interpolated": true,
      "smoothing": "gaussian_sigma1.0_linear_interp"
    },
    {
      "frame": 15,
      "timestamp": 1.002,
      "transform_4x4": [
        [
          -0.1557228597488261,
          -0.9837007613779355,
          -0.08990663499496308,
          0.11029279549766138
        ],
        [
          0.8519098490753862,
          -0.1798132699899262,
          0.49185038068896764,
          0.5662127541583398
        ],
        [
          -0.4999999999999999,
          0.0,
          0.8660254037844386,
          0.1366543011080914
        ],
        [
          0.0,
          0.0,
          0.0,
          1.0
        ]
      ],
      "interpolated": true,
      "smoothing": "gaussian_sigma1.0_linear_interp"
    },
    {
      "frame": 16,
      "timestamp": 1.102,
      "transform_4x4": [
        [
          -0.1557228597488261,
          -0.9837007613779355,
          -0.08990663499496308,
          0.1134253360770025
        ],
        [
          0.8519098490753862,
          -0.1798132699899262,
          0.49185038068896764,
          0.5742911546660233
        ],
        [
          -0.4999999999999999,
          0.0,
          0.8660254037844386,
          0.1350816545781226
        ],
        [
          0.0,
          0.0,
          0.0,
          1.0
        ]
      ],
      "interpolated": true,
      "smoothing": "gaussian_sigma1.0_linear_interp"
    },
    {
      "frame": 18,
      "timestamp": 1.202,
      "transform_4x4": [
        [
          -0.1557228597488261,
          -0.9837007613779355,
          -0.08990663499496308,
          0.11655787665634362
        ],
        [
          0.8519098490753862,
          -0.1798132699899262,
          0.49185038068896764,
          0.5823695551737069
        ],
        [
          -0.4999999999999999,
          0.0,
          0.8660254037844386,
          0.13350900804815377
        ],
        [
          0.0,
          0.0,
          0.0,
          1.0
        ]
      ],
      "interpolated": true,
      "smoothing": "gaussian_sigma1.0_linear_interp"
    },
    {
      "frame": 19,
      "timestamp": 1.302,
      "transform_4x4": [
        [
          -0.1557228597488261,
          -0.9837007613779355,
          -0.08990663499496308,
          0.11969041723568474
        ],
        [
          0.8519098490753862,
          -0.1798132699899262,
          0.49185038068896764,
          0.5904479556813905
        ],
        [
          -0.4999999999999999,
          0.0,
          0.8660254037844386,
          0.13193636151818497
        ],
        [
          0.0,
          0.0,
          0.0,
          1.0
        ]
      ],
      "interpolated": true,
      "smoothing": "gaussian_sigma1.0_linear_interp"
    },
    {
      "frame": 21,
      "timestamp": 1.403,
      "transform_4x4": [
        [
          -0.1557228597488261,
          -0.9837007613779355,
          -0.08990663499496308,
          0.12282295781502586
        ],
        [
          0.8519098490753862,
          -0.1798132699899262,
          0.49185038068896764,
          0.598526356189074
        ],
        [
          -0.4999999999999999,
          0.0,
          0.8660254037844386,
          0.13036371498821614
        ],
        [
          0.0,
          0.0,
          0.0,
          1.0
        ]
      ],
      "interpolated": true,
      "smoothing": "gaussian_sigma1.0_linear_interp"
    },
    {
      "frame": 22,
      "timestamp": 1.503,
      "transform_4x4": [
        [
          -0.1557228597488261,
          -0.9837007613779355,
          -0.08990663499496308,
          0.12595549839436698
        ],
        [
          0.8519098490753862,
          -0.1798132699899262,
          0.49185038068896764,
          0.6066047566967576
        ],
        [
          -0.4999999999999999,
          0.0,
          0.8660254037844386,
          0.12879106845824734
        ],
        [
          0.0,
          0.0,
          0.0,
          1.0
        ]
      ],
      "interpolated": true,
      "smoothing": "gaussian_sigma1.0_linear_interp"
    },
    {
      "frame": 24,
      "timestamp": 1.603,
      "transform_4x4": [
        [
          -0.1557228597488261,
          -0.9837007613779355,
          -0.08990663499496308,
          0.1290880389737081
        ],
        [
          0.8519098490753862,
          -0.1798132699899262,
          0.49185038068896764,
          0.6146831572044411
        ],
        [
          -0.4999999999999999,
          0.0,
          0.8660254037844386,
          0.1272184219282785
        ],
        [
          0.0,
          0.0,
          0.0,
          1.0
        ]
      ],
      "interpolated": true,
      "smoothing": "gaussian_sigma1.0_linear_interp"
    },
    {
      "frame": 25,
      "timestamp": 1.703,
      "transform_4x4": [
        [
          -0.1557228597488261,
          -0.9837007613779355,
          -0.08990663499496308,
          0.13221757825491695
        ],
        [
          0.8519098490753862,
          -0.1798132699899262,
          0.49185038068896764,
          0.6227535835509811
        ],
        [
          -0.4999999999999999,
          0.0,
          0.8660254037844386,
          0.12564709146162162
        ],
        [
          0.0,
          0.0,
          0.0,
          1.0
        ]
      ],
      "interpolated": true,
      "smoothing": "gaussian_sigma1.0_linear_interp"
    },
    {
      "frame": 27,
      "timestamp": 1.803,
      "transform_4x4": [
        [
          -0.1557228597488261,
          -0.9837007613779355,
          -0.08990663499496308,
          0.13411151167886165
        ],
        [
          0.8519098490753862,
          -0.1798132699899262,
          0.49185038068896764,
          0.627541123699088
        ],
        [
          -0.4999999999999999,
          0.0,
          0.8660254037844386,
          0.12461757172655563
        ],
        [
          0.0,
          0.0,
          0.0,
          1.0
        ]
      ],
      "interpolated": true,
      "smoothing": "gaussian_sigma1.0_linear_interp"
    },
    {
      "frame": 28,
      "timestamp": 1.904,
      "transform_4x4": [
        [
          -0.1557228597488261,
          -0.9837007613779355,
          -0.08990663499496308,
          0.13600544510280632
        ],
        [
          0.8519098490753862,
          -0.1798132699899262,
          0.49185038068896764,
          0.6323286638471949
        ],
        [
          -0.4999999999999999,
          0.0,
          0.8660254037844386,
          0.12358805199148963
        ],
        [
          0.0,
          0.0,
          0.0,
          1.0
        ]
      ],
      "interpolated": true,
      "smoothing": "gaussian_sigma1.0_linear_interp"
    },
    {
      "frame": 30,
      "timestamp": 2.004,
      "transform_4x4": [
        [
          -0.1557228597488261,
          -0.9837007613779355,
          -0.08990663499496308,
          0.137899378526751
        ],
        [
          0.8519098490753862,
          -0.1798132699899262,
          0.49185038068896764,
          0.6371162039953018
        ],
        [
          -0.4999999999999999,
          0.0,
          0.8660254037844386,
          0.12255853225642363
        ],
        [
          0.0,
          0.0,
          0.0,
          1.0
        ]
      ],
      "interpolated": true,
      "smoothing": "gaussian_sigma1.0_linear_interp"
    },
    {
      "frame": 31,
      "timestamp": 2.104,
      "transform_4x4": [
        [
          -0.1557228597488261,
          -0.9837007613779355,
          -0.08990663499496308,
          0.13979331195069566
        ],
        [
          0.8519098490753862,
          -0.1798132699899262,
          0.49185038068896764,
          0.6419037441434087
        ],
        [
          -0.4999999999999999,
          0.0,
          0.8660254037844386,
          0.12152901252135763
        ],
        [
          0.0,
          0.0,
          0.0,
          1.0
        ]
      ],
      "interpolated": true,
      "smoothing": "gaussian_sigma1.0_linear_interp"
    },
    {
      "frame": 33,
      "timestamp": 2.204,
      "transform_4x4": [
        [
          -0.1557228597488261,
          -0.9837007613779355,
          -0.08990663499496308,
          0.14168724537464034
        ],
        [
          0.8519098490753862,
          -0.1798132699899262,
          0.49185038068896764,
          0.6466912842915156
        ],
        [
          -0.4999999999999999,
          0.0,
          0.8660254037844386,
          0.12049949278629163
        ],
        [
          0.0,
          0.0,
          0.0,
          1.0
        ]
      ],
      "interpolated": true,
      "smoothing": "gaussian_sigma1.0_linear_interp"
    },
    {
      "frame": 34,
      "timestamp": 2.304,
      "transform_4x4": [
        [
          -0.1557228597488261,
          -0.9837007613779355,
          -0.08990663499496308,
          0.143581178798585
        ],
        [
          0.8519098490753862,
          -0.1798132699899262,
          0.49185038068896764,
          0.6514788244396225
        ],
        [
          -0.4999999999999999,
          0.0,
          0.8660254037844386,
          0.11946997305122563
        ],
        [
          0.0,
          0.0,
          0.0,
          1.0
        ]
      ],
      "interpolated": true,
      "smoothing": "gaussian_sigma1.0_linear_interp"
    },
    {
      "frame": 36,
      "timestamp": 2.405,
      "transform_4x4": [
        [
          -0.1557228597488261,
          -0.9837007613779355,
          -0.08990663499496308,
          0.1454751122225297
        ],
        [
          0.8519098490753862,
          -0.1798132699899262,
          0.49185038068896764,
          0.6562663645877294
        ],
        [
          -0.4999999999999999,
          0.0,
          0.8660254037844386,
          0.11844045331615963
        ],
        [
          0.0,
          0.0,
          0.0,
          1.0
        ]
      ],
      "interpolated": true,
      "smoothing": "gaussian_sigma1.0_linear_interp"
    },
    {
      "frame": 37,
      "timestamp": 2.505,
      "transform_4x4": [
        [
          -0.1557228597488261,
          -0.9837007613779355,
          -0.08990663499496308,
          0.14736904564647438
        ],
        [
          0.8519098490753862,
          -0.1798132699899262,
          0.49185038068896764,
          0.6610539047358363
        ],
        [
          -0.4999999999999999,
          0.0,
          0.8660254037844386,
          0.11741093358109364
        ],
        [
          0.0,
          0.0,
          0.0,
          1.0
        ]
      ],
      "interpolated": true,
      "smoothing": "gaussian_sigma1.0_linear_interp"
    },
    {
      "frame": 39,
      "timestamp": 2.605,
      "transform_4x4": [
        [
          -0.16402087818194425,
          -0.9819009804255037,
          -0.0946974981710643,
          0.14926297907041905
        ],
        [
          0.8503511930493329,
          -0.18939499634212867,
          0.4909504902127517,
          0.6658414448839431
        ],
        [
          -0.4999999999999999,
          0.0,
          0.8660254037844386,
          0.11638141384602763
        ],
        [
          0.0,
          0.0,
          0.0,
          1.0
        ]
      ],
      "interpolated": true,
      "smoothing": "gaussian_sigma1.0_linear_interp"
    },
    {
      "frame": 40,
      "timestamp": 2.705,
      "transform_4x4": [
        [
          -0.16402087818194425,
          -0.9819009804255037,
          -0.0946974981710643,
          0.15115691249436372
        ],
        [
          0.8503511930493329,
          -0.18939499634212867,
          0.4909504902127517,
          0.67062898503205
        ],
        [
          -0.4999999999999999,
          0.0,
          0.8660254037844386,
          0.11535189411096164
        ],
        [
          0.0,
          0.0,
          0.0,
          1.0
        ]
      ],
      "interpolated": true,
      "smoothing": "gaussian_sigma1.0_linear_interp"
    },
    {
      "frame": 42,
      "timestamp": 2.805,
      "transform_4x4": [
        [
          -0.16402087818194425,
          -0.9819009804255037,
          -0.0946974981710643,
          0.1530508459183084
        ],
        [
          0.8503511930493329,
          -0.18939499634212867,
          0.4909504902127517,
          0.6754165251801569
        ],
        [
          -0.4999999999999999,
          0.0,
          0.8660254037844386,
          0.11432237437589564
        ],
        [
          0.0,
          0.0,
          0.0,
          1.0
        ]
      ],
      "interpolated": true,
      "smoothing": "gaussian_sigma1.0_linear_interp"
    },
    {
      "frame": 43,
      "timestamp": 2.906,
      "transform_4x4": [
        [
          -0.16402087818194425,
          -0.9819009804255037,
          -0.0946974981710643,
          0.15494477934225306
        ],
        [
          0.8503511930493329,
          -0.18939499634212867,
          0.4909504902127517,
          0.6802040653282638
        ],
        [
          -0.4999999999999999,
          0.0,
          0.8660254037844386,
          0.11329285464082964
        ],
        [
          0.0,
          0.0,
          0.0,
          1.0
        ]
      ],
      "interpolated": true,
      "smoothing": "gaussian_sigma1.0_linear_interp"
    },
    {
      "frame": 45,
      "timestamp": 3.006,
      "transform_4x4": [
        [
          -0.16402087818194425,
          -0.9819009804255037,
          -0.0946974981710643,
          0.15683871276619776
        ],
        [
          0.8503511930493329,
          -0.18939499634212867,
          0.4909504902127517,
          0.6849916054763707
        ],
        [
          -0.4999999999999999,
          0.0,
          0.8660254037844386,
          0.11226333490576364
        ],
        [
          0.0,
          0.0,
          0.0,
          1.0
        ]
      ],
      "interpolated": true,
      "smoothing": "gaussian_sigma1.0_linear_interp"
    },
    {
      "frame": 46,
      "timestamp": 3.106,
      "transform_4x4": [
        [
          -0.16402087818194425,
          -0.9819009804255037,
          -0.0946974981710643,
          0.15873264619014243
        ],
        [
          0.8503511930493329,
          -0.18939499634212867,
          0.4909504902127517,
          0.6897791456244776
        ],
        [
          -0.4999999999999999,
          0.0,
          0.8660254037844386,
          0.11123381517069764
        ],
        [
          0.0,
          0.0,
          0.0,
          1.0
        ]
      ],
      "interpolated": true,
      "smoothing": "gaussian_sigma1.0_linear_interp"
    },
    {
      "frame": 48,
      "timestamp": 3.206,
      "transform_4x4": [
        [
          -0.16402087818194425,
          -0.9819009804255037,
          -0.0946974981710643,
          0.1606265796140871
        ],
        [
          0.8503511930493329,
          -0.18939499634212867,
          0.4909504902127517,
          0.6945666857725845
        ],
        [
          -0.4999999999999999,
          0.0,
          0.8660254037844386,
          0.11020429543563164
        ],
        [
          0.0,
          0.0,
          0.0,
          1.0
        ]
      ],
      "interpolated": true,
      "smoothing": "gaussian_sigma1.0_linear_interp"
    },
    {
      "frame": 49,
      "timestamp": 3.306,
      "transform_4x4": [
        [
          -0.16402087818194425,
          -0.9819009804255037,
          -0.0946974981710643,
          0.16252051303803178
        ],
        [
          0.8503511930493329,
          -0.18939499634212867,
          0.4909504902127517,
          0.6993542259206914
        ],
        [
          -0.4999999999999999,
          0.0,
          0.8660254037844386,
          0.10917477570056563
        ],
        [
          0.0,
          0.0,
          0.0,
          1.0
        ]
      ],
      "interpolated": true,
      "smoothing": "gaussian_sigma1.0_linear_interp"
    },
    {
      "frame": 51,
      "timestamp": 3.406,
      "transform_4x4": [
        [
          -0.16402087818194425,
          -0.9819009804255037,
          -0.0946974981710643,
          0.16441444646197645
        ],
        [
          0.8503511930493329,
          -0.18939499634212867,
          0.4909504902127517,
          0.7041417660687983
        ],
        [
          -0.4999999999999999,
          0.0,
          0.8660254037844386,
          0.10814525596549963
        ],
        [
          0.0,
          0.0,
          0.0,
          1.0
        ]
      ],
      "interpolated": true,
      "smoothing": "gaussian_sigma1.0_linear_interp"
    },
    {
      "frame": 52,
      "timestamp": 3.507,
      "transform_4x4": [
        [
          -0.16402087818194425,
          -0.9819009804255037,
          -0.0946974981710643,
          0.1648671619175056
        ],
        [
          0.8503511930493329,
          -0.18939499634212867,
          0.4909504902127517,
          0.7051383487477326
        ],
        [
          -0.4999999999999999,
          0.0,
          0.8660254037844386,
          0.107814837816911
        ],
        [
          0.0,
          0.0,
          0.0,
          1.0
        ]
      ],
      "interpolated": true,
      "smoothing": "gaussian_sigma1.0_linear_interp"
    },
    {
      "frame": 54,
      "timestamp": 3.607,
      "transform_4x4": [
        [
          -0.16402087818194425,
          -0.9819009804255037,
          -0.0946974981710643,
          0.16531243893652414
        ],
        [
          0.8503511930493329,
          -0.18939499634212867,
          0.4909504902127517,
          0.7061153654782353
        ],
        [
          -0.4999999999999999,
          0.0,
          0.8660254037844386,
          0.10748802788226323
        ],
        [
          0.0,
          0.0,
          0.0,
          1.0
        ]
      ],
      "interpolated": true,
      "smoothing": "gaussian_sigma1.0_linear_interp"
    },
    {
      "frame": 55,
      "timestamp": 3.707,
      "transform_4x4": [
        [
          -0.16402087818194425,
          -0.9819009804255037,
          -0.0946974981710643,
          0.1657577159555427
        ],
        [
          0.8503511930493329,
          -0.18939499634212867,
          0.4909504902127517,
          0.7070923822087378
        ],
        [
          -0.4999999999999999,
          0.0,
          0.8660254037844386,
          0.10716121794761548
        ],
        [
          0.0,
          0.0,
          0.0,
          1.0
        ]
      ],
      "interpolated": true,
      "smoothing": "gaussian_sigma1.0_linear_interp"
    },
    {
      "frame": 57,
      "timestamp": 3.807,
      "transform_4x4": [
        [
          -0.16402087818194425,
          -0.9819009804255037,
          -0.0946974981710643,
          0.16620299297456123
        ],
        [
          0.8503511930493329,
          -0.18939499634212867,
          0.4909504902127517,
          0.7080693989392404
        ],
        [
          -0.4999999999999999,
          0.0,
          0.8660254037844386,
          0.10683440801296773
        ],
        [
          0.0,
          0.0,
          0.0,
          1.0
        ]
      ],
      "interpolated": true,
      "smoothing": "gaussian_sigma1.0_linear_interp"
    },
    {
      "frame": 58,
      "timestamp": 3.907,
      "transform_4x4": [
        [
          -0.16402087818194425,
          -0.9819009804255037,
          -0.0946974981710643,
          0.1666482699935798
        ],
        [
          0.8503511930493329,
          -0.18939499634212867,
          0.4909504902127517,
          0.709046415669743
        ],
        [
          -0.4999999999999999,
          0.0,
          0.8660254037844386,
          0.10650759807831997
        ],
        [
          0.0,
          0.0,
          0.0,
          1.0
        ]
      ],
      "interpolated": true,
      "smoothing": "gaussian_sigma1.0_linear_interp"
    },
    {
      "frame": 60,
      "timestamp": 4.008,
      "transform_4x4": [
        [
          -0.16402087818194425,
          -0.9819009804255037,
          -0.0946974981710643,
          0.16709354701259832
        ],
        [
          0.8503511930493329,
          -0.18939499634212867,
          0.4909504902127517,
          0.7100234324002456
        ],
        [
          -0.4999999999999999,
          0.0,
          0.8660254037844386,
          0.10618078814367221
        ],
        [
          0.0,
          0.0,
          0.0,
          1.0
        ]
      ],
      "interpolated": true,
      "smoothing": "gaussian_sigma1.0_linear_interp"
    },
    {
      "frame": 61,
      "timestamp": 4.108,
      "transform_4x4": [
        [
          -0.16402087818194425,
          -0.9819009804255037,
          -0.0946974981710643,
          0.16753882403161688
        ],
        [
          0.8503511930493329,
          -0.18939499634212867,
          0.4909504902127517,
          0.7110004491307482
        ],
        [
          -0.4999999999999999,
          0.0,
          0.8660254037844386,
          0.10585397820902445
        ],
        [
          0.0,
          0.0,
          0.0,
          1.0
        ]
      ],
      "interpolated": true,
      "smoothing": "gaussian_sigma1.0_linear_interp"
    },
    {
      "frame": 63,
      "timestamp": 4.208,
      "transform_4x4": [
        [
          -0.16402087818194425,
          -0.9819009804255037,
          -0.0946974981710643,
          0.1679841010506354
        ],
        [
          0.8503511930493329,
          -0.18939499634212867,
          0.4909504902127517,
          0.7119774658612508
        ],
        [
          -0.4999999999999999,
          0.0,
          0.8660254037844386,
          0.10552716827437669
        ],
        [
          0.0,
          0.0,
          0.0,
          1.0
        ]
      ],
      "interpolated": true,
      "smoothing": "gaussian_sigma1.0_linear_interp"
    },
    {
      "frame": 64,
      "timestamp": 4.308,
      "transform_4x4": [
        [
          -0.1895135109857273,
          -0.9757626959829,
          -0.10941567658268074,
          0.16842937806965397
        ],
        [
          0.8450352827863834,
          -0.21883135316536154,
          0.4878813479914499,
          0.7129544825917534
        ],
        [
          -0.4999999999999999,
          0.0,
          0.8660254037844386,
          0.10520035833972893
        ],
        [
          0.0,
          0.0,
          0.0,
          1.0
        ]
      ],
      "interpolated": true,
      "smoothing": "gaussian_sigma1.0_linear_interp"
    },
    {
      "frame": 66,
      "timestamp": 4.408,
      "transform_4x4": [
        [
          -0.1895135109857273,
          -0.9757626959829,
          -0.10941567658268074,
          0.1688746550886725
        ],
        [
          0.8450352827863834,
          -0.21883135316536154,
          0.4878813479914499,
          0.713931499322256
        ],
        [
          -0.4999999999999999,
          0.0,
          0.8660254037844386,
          0.10487354840508117
        ],
        [
          0.0,
          0.0,
          0.0,
          1.0
        ]
      ],
      "interpolated": true,
      "smoothing": "gaussian_sigma1.0_linear_interp"
    },
    {
      "frame": 67,
      "timestamp": 4.509,
      "transform_4x4": [
        [
          -0.1895135109857273,
          -0.9757626959829,
          -0.10941567658268074,
          0.16931993210769103
        ],
        [
          0.8450352827863834,
          -0.21883135316536154,
          0.4878813479914499,
          0.7149085160527586
        ],
        [
          -0.4999999999999999,
          0.0,
          0.8660254037844386,
          0.10454673847043341
        ],
        [
          0.0,
          0.0,
          0.0,
          1.0
        ]
      ],
      "interpolated": true,
      "smoothing": "gaussian_sigma1.0_linear_interp"
    },
    {
      "frame": 69,
      "timestamp": 4.609,
      "transform_4x4": [
        [
          -0.1895135109857273,
          -0.9757626959829,
          -0.10941567658268074,
          0.1697652091267096
        ],
        [
          0.8450352827863834,
          -0.21883135316536154,
          0.4878813479914499,
          0.7158855327832612
        ],
        [
          -0.4999999999999999,
          0.0,
          0.8660254037844386,
          0.10421992853578566
        ],
        [
          0.0,
          0.0,
          0.0,
          1.0
        ]
      ],
      "interpolated": true,
      "smoothing": "gaussian_sigma1.0_linear_interp"
    },
    {
      "frame": 70,
      "timestamp": 4.709,
      "transform_4x4": [
        [
          -0.1895135109857273,
          -0.9757626959829,
          -0.10941567658268074,
          0.17021048614572812
        ],
        [
          0.8450352827863834,
          -0.21883135316536154,
          0.4878813479914499,
          0.7168625495137638
        ],
        [
          -0.4999999999999999,
          0.0,
          0.8660254037844386,
          0.1038931186011379
        ],
        [
          0.0,
          0.0,
          0.0,
          1.0
        ]
      ],
      "interpolated": true,
      "smoothing": "gaussian_sigma1.0_linear_interp"
    },
    {
      "frame": 72,
      "timestamp": 4.809,
      "transform_4x4": [
        [
          -0.1895135109857273,
          -0.9757626959829,
          -0.10941567658268074,
          0.17065576316474668
        ],
        [
          0.8450352827863834,
          -0.21883135316536154,
          0.4878813479914499,
          0.7178395662442664
        ],
        [
          -0.4999999999999999,
          0.0,
          0.8660254037844386,
          0.10356630866649015
        ],
        [
          0.0,
          0.0,
          0.0,
          1.0
        ]
      ],
      "interpolated": true,
      "smoothing": "gaussian_sigma1.0_linear_interp"
    },
    {
      "frame": 73,
      "timestamp": 4.909,
      "transform_4x4": [
        [
          -0.1895135109857273,
          -0.9757626959829,
          -0.10941567658268074,
          0.1711010401837652
        ],
        [
          0.8450352827863834,
          -0.21883135316536154,
          0.4878813479914499,
          0.718816582974769
        ],
        [
          -0.4999999999999999,
          0.0,
          0.8660254037844386,
          0.10323949873184239
        ],
        [
          0.0,
          0.0,
          0.0,
          1.0
        ]
      ],
      "interpolated": true,
      "smoothing": "gaussian_sigma1.0_linear_interp"
    },
    {
      "frame": 75,
      "timestamp": 5.01,
      "transform_4x4": [
        [
          -0.1895135109857273,
          -0.9757626959829,
          -0.10941567658268074,
          0.17154631720278377
        ],
        [
          0.8450352827863834,
          -0.21883135316536154,
          0.4878813479914499,
          0.7197935997052716
        ],
        [
          -0.4999999999999999,
          0.0,
          0.8660254037844386,
          0.10291268879719463
        ],
        [
          0.0,
          0.0,
          0.0,
          1.0
        ]
      ],
      "interpolated": true,
      "smoothing": "gaussian_sigma1.0_linear_interp"
    },
    {
      "frame": 76,
      "timestamp": 5.11,
      "transform_4x4": [
        [
          -0.1895135109857273,
          -0.9757626959829,
          -0.10941567658268074,
          0.1719915942218023
        ],
        [
          0.8450352827863834,
          -0.21883135316536154,
          0.4878813479914499,
          0.7207706164357741
        ],
        [
          -0.4999999999999999,
          0.0,
          0.8660254037844386,
          0.10258587886254687
        ],
        [
          0.0,
          0.0,
          0.0,
          1.0
        ]
      ],
      "interpolated": true,
      "smoothing": "gaussian_sigma1.0_linear_interp"
    },
    {
      "frame": 78,
      "timestamp": 5.21,
      "transform_4x4": [
        [
          -0.1895135109857273,
          -0.9757626959829,
          -0.10941567658268074,
          0.17212348889917153
        ],
        [
          0.8450352827863834,
          -0.21883135316536154,
          0.4878813479914499,
          0.7207839361388352
        ],
        [
          -0.4999999999999999,
          0.0,
          0.8660254037844386,
          0.10238923326089584
        ],
        [
          0.0,
          0.0,
          0.0,
          1.0
        ]
      ],
      "interpolated": true,
      "smoothing": "gaussian_sigma1.0_linear_interp"
    },
    {
      "frame": 79,
      "timestamp": 5.31,
      "transform_4x4": [
        [
          -0.1895135109857273,
          -0.9757626959829,
          -0.10941567658268074,
          0.17225453150144773
        ],
        [
          0.8450352827863834,
          -0.21883135316536154,
          0.4878813479914499,
          0.7207946355850242
        ],
        [
          -0.4999999999999999,
          0.0,
          0.8660254037844386,
          0.10219294157129218
        ],
        [
          0.0,
          0.0,
          0.0,
          1.0
        ]
      ],
      "interpolated": true,
      "smoothing": "gaussian_sigma1.0_linear_interp"
    },
    {
      "frame": 81,
      "timestamp": 5.41,
      "transform_4x4": [
        [
          -0.1895135109857273,
          -0.9757626959829,
          -0.10941567658268074,
          0.17238557410372396
        ],
        [
          0.8450352827863834,
          -0.21883135316536154,
          0.4878813479914499,
          0.7208053350312132
        ],
        [
          -0.4999999999999999,
          0.0,
          0.8660254037844386,
          0.10199664988168852
        ],
        [
          0.0,
          0.0,
          0.0,
          1.0
        ]
      ],
      "interpolated": true,
      "smoothing": "gaussian_sigma1.0_linear_interp"
    },
    {
      "frame": 82,
      "timestamp": 5.51,
      "transform_4x4": [
        [
          -0.1895135109857273,
          -0.9757626959829,
          -0.10941567658268074,
          0.1725166167060002
        ],
        [
          0.8450352827863834,
          -0.21883135316536154,
          0.4878813479914499,
          0.7208160344774022
        ],
        [
          -0.4999999999999999,
          0.0,
          0.8660254037844386,
          0.10180035819208486
        ],
        [
          0.0,
          0.0,
          0.0,
          1.0
        ]
      ],
      "interpolated": true,
      "smoothing": "gaussian_sigma1.0_linear_interp"
    },
    {
      "frame": 84,
      "timestamp": 5.611,
      "transform_4x4": [
        [
          -0.1895135109857273,
          -0.9757626959829,
          -0.10941567658268074,
          0.1726476593082764
        ],
        [
          0.8450352827863834,
          -0.21883135316536154,
          0.4878813479914499,
          0.7208267339235912
        ],
        [
          -0.4999999999999999,
          0.0,
          0.8660254037844386,
          0.1016040665024812
        ],
        [
          0.0,
          0.0,
          0.0,
          1.0
        ]
      ],
      "interpolated": true,
      "smoothing": "gaussian_sigma1.0_linear_interp"
    },
    {
      "frame": 85,
      "timestamp": 5.711,
      "transform_4x4": [
        [
          -0.1895135109857273,
          -0.9757626959829,
          -0.10941567658268074,
          0.17277870191055264
        ],
        [
          0.8450352827863834,
          -0.21883135316536154,
          0.4878813479914499,
          0.7208374333697802
        ],
        [
          -0.4999999999999999,
          0.0,
          0.8660254037844386,
          0.10140777481287754
        ],
        [
          0.0,
          0.0,
          0.0,
          1.0
        ]
      ],
      "interpolated": true,
      "smoothing": "gaussian_sigma1.0_linear_interp"
    },
    {
      "frame": 87,
      "timestamp": 5.811,
      "transform_4x4": [
        [
          -0.1895135109857273,
          -0.9757626959829,
          -0.10941567658268074,
          0.17290974451282887
        ],
        [
          0.8450352827863834,
          -0.21883135316536154,
          0.4878813479914499,
          0.7208481328159693
        ],
        [
          -0.4999999999999999,
          0.0,
          0.8660254037844386,
          0.10121148312327388
        ],
        [
          0.0,
          0.0,
          0.0,
          1.0
        ]
      ],
      "interpolated": true,
      "smoothing": "gaussian_sigma1.0_linear_interp"
    },
    {
      "frame": 88,
      "timestamp": 5.911,
      "transform_4x4": [
        [
          -0.1895135109857273,
          -0.9757626959829,
          -0.10941567658268074,
          0.1730407871151051
        ],
        [
          0.8450352827863834,
          -0.21883135316536154,
          0.4878813479914499,
          0.7208588322621582
        ],
        [
          -0.4999999999999999,
          0.0,
          0.8660254037844386,
          0.10101519143367022
        ],
        [
          0.0,
          0.0,
          0.0,
          1.0
        ]
      ],
      "interpolated": true,
