name: drink_ad_scaledv3
method: top-camera pixel-to-meter + contour extrusion
vertices: 10
faces: 16
is_watertight: True
extents: [0.1575529413043087, 0.11569663723504289, 0.0872768474758135]
pixel_width: 196
pixel_height: 143
object_depth: 0.7507109084543477
estimated_height: 0.0872768474758135
