{
  "object": "pipette",
  "sequence": "grasp_pipette_stand__2026_0701_0019_19",
  "num_frames": 52,
  "fps": 15.0,
  "method": "multi-view mask centroid triangulation",
  "trajectory": [
    {
      "frame": 0,
      "timestamp": 0.0,
      "transform_4x4": [
        [
          0.8256607517075893,
          -0.3017379063351917,
          0.47669545725768536,
          0.07111545182647289
        ],
        [
          0.2613126921710055,
          0.953390914515371,
          0.15086895316759583,
          0.37845148226792374
        ],
        [
          -0.4999999999999999,
          0.0,
          0.8660254037844386,
          0.15429089623618664
        ],
        [
          0.0,
          0.0,
          0.0,
          1.0
        ]
      ],
      "interpolated": true,
      "smoothing": "gaussian_sigma1.0_linear_interp"
    },
    {
      "frame": 1,
      "timestamp": 0.1,
      "transform_4x4": [
        [
          0.8256607517075893,
          -0.3017379063351917,
          0.47669545725768536,
          0.07466461881955841
        ],
        [
          0.2613126921710055,
          0.953390914515371,
          0.15086895316759583,
          0.39003899182156077
        ],
        [
          -0.4999999999999999,
          0.0,
          0.8660254037844386,
          0.152364167988591
        ],
        [
          0.0,
          0.0,
          0.0,
          1.0
        ]
      ],
      "interpolated": true,
      "smoothing": "gaussian_sigma1.0_linear_interp"
    },
    {
      "frame": 3,
      "timestamp": 0.2,
      "transform_4x4": [
        [
          0.8256607517075893,
          -0.3017379063351917,
          0.47669545725768536,
          0.07821378581264393
        ],
        [
          0.2613126921710055,
          0.953390914515371,
          0.15086895316759583,
          0.4016265013751978
        ],
        [
          -0.4999999999999999,
          0.0,
          0.8660254037844386,
          0.15043743974099535
        ],
        [
          0.0,
          0.0,
          0.0,
          1.0
        ]
      ],
      "interpolated": true,
      "smoothing": "gaussian_sigma1.0_linear_interp"
    },
    {
      "frame": 4,
      "timestamp": 0.3,
      "transform_4x4": [
        [
          0.8256607517075893,
          -0.3017379063351917,
          0.47669545725768536,
          0.08176295280572946
        ],
        [
          0.2613126921710055,
          0.953390914515371,
          0.15086895316759583,
          0.4132140109288348
        ],
        [
          -0.4999999999999999,
          0.0,
          0.8660254037844386,
          0.14851071149339973
        ],
        [
          0.0,
          0.0,
          0.0,
          1.0
        ]
      ],
      "interpolated": true,
      "smoothing": "gaussian_sigma1.0_linear_interp"
    },
    {
      "frame": 6,
      "timestamp": 0.4,
      "transform_4x4": [
        [
          0.8256607517075893,
          -0.3017379063351917,
          0.47669545725768536,
          0.08531211979881498
        ],
        [
          0.2613126921710055,
          0.953390914515371,
          0.15086895316759583,
          0.4248015204824719
        ],
        [
          -0.4999999999999999,
          0.0,
          0.8660254037844386,
          0.14658398324580407
        ],
        [
          0.0,
          0.0,
          0.0,
          1.0
        ]
      ],
      "interpolated": true,
      "smoothing": "gaussian_sigma1.0_linear_interp"
    },
    {
      "frame": 7,
      "timestamp": 0.5,
      "transform_4x4": [
        [
          0.8256607517075893,
          -0.3017379063351917,
          0.47669545725768536,
          0.0888612867919005
        ],
        [
          0.2613126921710055,
          0.953390914515371,
          0.15086895316759583,
          0.4363890300361089
        ],
        [
          -0.4999999999999999,
          0.0,
          0.8660254037844386,
          0.14465725499820845
        ],
        [
          0.0,
          0.0,
          0.0,
          1.0
        ]
      ],
      "interpolated": true,
      "smoothing": "gaussian_sigma1.0_linear_interp"
    },
    {
      "frame": 9,
      "timestamp": 0.6,
      "transform_4x4": [
        [
          0.8256607517075893,
          -0.3017379063351917,
          0.47669545725768536,
          0.09241045378498604
        ],
        [
          0.2613126921710055,
          0.953390914515371,
          0.15086895316759583,
          0.4479765395897459
        ],
        [
          -0.4999999999999999,
          0.0,
          0.8660254037844386,
          0.1427305267506128
        ],
        [
          0.0,
          0.0,
          0.0,
          1.0
        ]
      ],
      "interpolated": true,
      "smoothing": "gaussian_sigma1.0_linear_interp"
    },
    {
      "frame": 10,
      "timestamp": 0.7,
      "transform_4x4": [
        [
          0.8256607517075893,
          -0.3017379063351917,
          0.47669545725768536,
          0.09595962077807156
        ],
        [
          0.2613126921710055,
          0.953390914515371,
          0.15086895316759583,
          0.45956404914338295
        ],
        [
          -0.4999999999999999,
          0.0,
          0.8660254037844386,
          0.14080379850301716
        ],
        [
          0.0,
          0.0,
          0.0,
          1.0
        ]
      ],
      "interpolated": true,
      "smoothing": "gaussian_sigma1.0_linear_interp"
    },
    {
      "frame": 12,
      "timestamp": 0.8,
      "transform_4x4": [
        [
          0.8256607517075893,
          -0.3017379063351917,
          0.47669545725768536,
          0.09950878777115708
        ],
        [
          0.2613126921710055,
          0.953390914515371,
          0.15086895316759583,
          0.47115155869701997
        ],
        [
          -0.4999999999999999,
          0.0,
          0.8660254037844386,
          0.13887707025542154
        ],
        [
          0.0,
          0.0,
          0.0,
          1.0
        ]
      ],
      "interpolated": true,
      "smoothing": "gaussian_sigma1.0_linear_interp"
    },
    {
      "frame": 13,
      "timestamp": 0.9,
      "transform_4x4": [
        [
          0.10646487985290465,
          0.992414717986996,
          0.06146752704231565,
          0.1030579547642426
        ],
        [
          -0.859456356866308,
          0.12293505408463133,
          -0.4962073589934979,
          0.482739068250657
        ],
        [
          -0.4999999999999999,
          0.0,
          0.8660254037844386,
          0.13695034200782588
        ],
        [
          0.0,
          0.0,
          0.0,
          1.0
        ]
      ],
      "interpolated": true,
      "smoothing": "gaussian_sigma1.0_linear_interp"
    },
    {
      "frame": 15,
      "timestamp": 1.0,
      "transform_4x4": [
        [
          0.10646487985290465,
          0.992414717986996,
          0.06146752704231565,
          0.10660712175732813
        ],
        [
          -0.859456356866308,
          0.12293505408463133,
          -0.4962073589934979,
          0.494326577804294
        ],
        [
          -0.4999999999999999,
          0.0,
          0.8660254037844386,
          0.13502361376023025
        ],
        [
          0.0,
          0.0,
          0.0,
          1.0
        ]
      ],
      "interpolated": true,
      "smoothing": "gaussian_sigma1.0_linear_interp"
    },
    {
      "frame": 16,
      "timestamp": 1.1,
      "transform_4x4": [
        [
          0.10646487985290465,
          0.992414717986996,
          0.06146752704231565,
          0.11015628875041367
        ],
        [
          -0.859456356866308,
          0.12293505408463133,
          -0.4962073589934979,
          0.5059140873579311
        ],
        [
          -0.4999999999999999,
          0.0,
          0.8660254037844386,
          0.1330968855126346
        ],
        [
          0.0,
          0.0,
          0.0,
          1.0
        ]
      ],
      "interpolated": true,
      "smoothing": "gaussian_sigma1.0_linear_interp"
    },
    {
      "frame": 18,
      "timestamp": 1.2,
      "transform_4x4": [
        [
          0.10646487985290465,
          0.992414717986996,
          0.06146752704231565,
          0.11370545574349919
        ],
        [
          -0.859456356866308,
          0.12293505408463133,
          -0.4962073589934979,
          0.5175015969115682
        ],
        [
          -0.4999999999999999,
          0.0,
          0.8660254037844386,
          0.13117015726503897
        ],
        [
          0.0,
          0.0,
          0.0,
          1.0
        ]
      ],
      "interpolated": true,
      "smoothing": "gaussian_sigma1.0_linear_interp"
    },
    {
      "frame": 19,
      "timestamp": 1.3,
      "transform_4x4": [
        [
          0.10646487985290465,
          0.992414717986996,
          0.06146752704231565,
          0.11725462273658471
        ],
        [
          -0.859456356866308,
          0.12293505408463133,
          -0.4962073589934979,
          0.5290891064652051
        ],
        [
          -0.4999999999999999,
          0.0,
          0.8660254037844386,
          0.12924342901744335
        ],
        [
          0.0,
          0.0,
          0.0,
          1.0
        ]
      ],
      "interpolated": true,
      "smoothing": "gaussian_sigma1.0_linear_interp"
    },
    {
      "frame": 21,
      "timestamp": 1.4,
      "transform_4x4": [
        [
          0.10646487985290465,
          0.992414717986996,
          0.06146752704231565,
          0.12080378972967024
        ],
        [
          -0.859456356866308,
          0.12293505408463133,
          -0.4962073589934979,
          0.5406766160188421
        ],
        [
          -0.4999999999999999,
          0.0,
          0.8660254037844386,
          0.1273167007698477
        ],
        [
          0.0,
          0.0,
          0.0,
          1.0
        ]
      ],
      "interpolated": true,
      "smoothing": "gaussian_sigma1.0_linear_interp"
    },
    {
      "frame": 22,
      "timestamp": 1.5,
      "transform_4x4": [
        [
          0.10646487985290465,
          0.992414717986996,
          0.06146752704231565,
          0.12435295672275576
        ],
        [
          -0.859456356866308,
          0.12293505408463133,
          -0.4962073589934979,
          0.5522641255724792
        ],
        [
          -0.4999999999999999,
          0.0,
          0.8660254037844386,
          0.12538997252225206
        ],
        [
          0.0,
          0.0,
          0.0,
          1.0
        ]
      ],
      "interpolated": true,
      "smoothing": "gaussian_sigma1.0_linear_interp"
    },
    {
      "frame": 24,
      "timestamp": 1.6,
      "transform_4x4": [
        [
          0.10646487985290465,
          0.992414717986996,
          0.06146752704231565,
          0.12790212371584128
        ],
        [
          -0.859456356866308,
          0.12293505408463133,
          -0.4962073589934979,
          0.5638516351261162
        ],
        [
          -0.4999999999999999,
          0.0,
          0.8660254037844386,
          0.12346324427465642
        ],
        [
          0.0,
          0.0,
          0.0,
          1.0
        ]
      ],
      "interpolated": true,
      "smoothing": "gaussian_sigma1.0_linear_interp"
    },
    {
      "frame": 25,
      "timestamp": 1.7,
      "transform_4x4": [
        [
          0.10646487985290465,
          0.992414717986996,
          0.06146752704231565,
          0.1314512907089268
        ],
        [
          -0.859456356866308,
          0.12293505408463133,
          -0.4962073589934979,
          0.5754391446797532
        ],
        [
          -0.4999999999999999,
          0.0,
          0.8660254037844386,
          0.12153651602706078
        ],
        [
          0.0,
          0.0,
          0.0,
          1.0
        ]
      ],
      "interpolated": true,
      "smoothing": "gaussian_sigma1.0_linear_interp"
    },
    {
      "frame": 27,
      "timestamp": 1.8,
      "transform_4x4": [
        [
          0.10646487985290465,
          0.992414717986996,
          0.06146752704231565,
          0.13367499714045938
        ],
        [
          -0.859456356866308,
          0.12293505408463133,
          -0.4962073589934979,
          0.5826496907366925
        ],
        [
          -0.4999999999999999,
          0.0,
          0.8660254037844386,
          0.12028976511309775
        ],
        [
          0.0,
          0.0,
          0.0,
          1.0
        ]
      ],
      "interpolated": true,
      "smoothing": "gaussian_sigma1.0_linear_interp"
    },
    {
      "frame": 28,
      "timestamp": 1.9,
      "transform_4x4": [
        [
          0.10646487985290465,
          0.992414717986996,
          0.06146752704231565,
          0.13589870357199196
        ],
        [
          -0.859456356866308,
          0.12293505408463133,
          -0.4962073589934979,
          0.5898602367936319
        ],
        [
          -0.4999999999999999,
          0.0,
          0.8660254037844386,
          0.1190430141991347
        ],
        [
          0.0,
          0.0,
          0.0,
          1.0
        ]
      ],
      "interpolated": true,
      "smoothing": "gaussian_sigma1.0_linear_interp"
    },
    {
      "frame": 30,
      "timestamp": 2.0,
      "transform_4x4": [
        [
          0.10646487985290465,
          0.992414717986996,
          0.06146752704231565,
          0.13812241000352454
        ],
        [
          -0.859456356866308,
          0.12293505408463133,
          -0.4962073589934979,
          0.5970707828505711
        ],
        [
          -0.4999999999999999,
          0.0,
          0.8660254037844386,
          0.11779626328517166
        ],
        [
          0.0,
          0.0,
          0.0,
          1.0
        ]
      ],
      "interpolated": true,
      "smoothing": "gaussian_sigma1.0_linear_interp"
    },
    {
      "frame": 31,
      "timestamp": 2.1,
      "transform_4x4": [
        [
          0.10646487985290465,
          0.992414717986996,
          0.06146752704231565,
          0.14034611643505715
        ],
        [
          -0.859456356866308,
          0.12293505408463133,
          -0.4962073589934979,
          0.6042813289075104
        ],
        [
          -0.4999999999999999,
          0.0,
          0.8660254037844386,
          0.11654951237120863
        ],
        [
          0.0,
          0.0,
          0.0,
          1.0
        ]
      ],
      "interpolated": true,
      "smoothing": "gaussian_sigma1.0_linear_interp"
    },
    {
      "frame": 33,
      "timestamp": 2.2,
      "transform_4x4": [
        [
          0.10646487985290465,
          0.992414717986996,
          0.06146752704231565,
          0.14256982286658973
        ],
        [
          -0.859456356866308,
          0.12293505408463133,
          -0.4962073589934979,
          0.6114918749644497
        ],
        [
          -0.4999999999999999,
          0.0,
          0.8660254037844386,
          0.11530276145724559
        ],
        [
          0.0,
          0.0,
          0.0,
          1.0
        ]
      ],
      "interpolated": true,
      "smoothing": "gaussian_sigma1.0_linear_interp"
    },
    {
      "frame": 34,
      "timestamp": 2.3,
      "transform_4x4": [
        [
          0.10646487985290465,
          0.992414717986996,
          0.06146752704231565,
          0.1447935292981223
        ],
        [
          -0.859456356866308,
          0.12293505408463133,
          -0.4962073589934979,
          0.6187024210213891
        ],
        [
          -0.4999999999999999,
          0.0,
          0.8660254037844386,
          0.11405601054328254
        ],
        [
          0.0,
          0.0,
          0.0,
          1.0
        ]
      ],
      "interpolated": true,
      "smoothing": "gaussian_sigma1.0_linear_interp"
    },
    {
      "frame": 36,
      "timestamp": 2.4,
      "transform_4x4": [
        [
          0.10646487985290465,
          0.992414717986996,
          0.06146752704231565,
          0.1470172357296549
        ],
        [
          -0.859456356866308,
          0.12293505408463133,
          -0.4962073589934979,
          0.6259129670783283
        ],
        [
          -0.4999999999999999,
          0.0,
          0.8660254037844386,
          0.11280925962931951
        ],
        [
          0.0,
          0.0,
          0.0,
          1.0
        ]
      ],
      "interpolated": true,
      "smoothing": "gaussian_sigma1.0_linear_interp"
    },
    {
      "frame": 37,
      "timestamp": 2.5,
      "transform_4x4": [
        [
          0.10646487985290465,
          0.992414717986996,
          0.06146752704231565,
          0.14924094216118747
        ],
        [
          -0.859456356866308,
          0.12293505408463133,
          -0.4962073589934979,
          0.6331235131352676
        ],
        [
          -0.4999999999999999,
          0.0,
          0.8660254037844386,
          0.11156250871535647
        ],
        [
          0.0,
          0.0,
          0.0,
          1.0
        ]
      ],
      "interpolated": true,
      "smoothing": "gaussian_sigma1.0_linear_interp"
    },
    {
      "frame": 39,
      "timestamp": 2.6,
      "transform_4x4": [
        [
          0.09602820697855448,
          0.993833375346514,
          0.05544191114886552,
          0.15146464859272005
        ],
        [
          -0.8606849501789162,
          0.11088382229773107,
          -0.49691668767325686,
          0.6403340591922069
        ],
        [
          -0.4999999999999999,
          0.0,
          0.8660254037844386,
          0.11031575780139344
        ],
        [
          0.0,
          0.0,
          0.0,
          1.0
        ]
      ],
      "interpolated": true,
      "smoothing": "gaussian_sigma1.0_linear_interp"
    },
    {
      "frame": 40,
      "timestamp": 2.7,
      "transform_4x4": [
        [
          0.09602820697855448,
          0.993833375346514,
          0.05544191114886552,
          0.15368835502425263
        ],
        [
          -0.8606849501789162,
          0.11088382229773107,
          -0.49691668767325686,
          0.6475446052491463
        ],
        [
          -0.4999999999999999,
          0.0,
          0.8660254037844386,
          0.10906900688743039
        ],
        [
          0.0,
          0.0,
          0.0,
          1.0
        ]
      ],
      "interpolated": true,
      "smoothing": "gaussian_sigma1.0_linear_interp"
    },
    {
      "frame": 42,
      "timestamp": 2.8,
      "transform_4x4": [
        [
          0.09602820697855448,
          0.993833375346514,
          0.05544191114886552,
          0.15591206145578523
        ],
        [
          -0.8606849501789162,
          0.11088382229773107,
          -0.49691668767325686,
          0.6547551513060855
        ],
        [
          -0.4999999999999999,
          0.0,
          0.8660254037844386,
          0.10782225597346735
        ],
        [
          0.0,
          0.0,
          0.0,
          1.0
        ]
      ],
      "interpolated": true,
      "smoothing": "gaussian_sigma1.0_linear_interp"
    },
    {
      "frame": 43,
      "timestamp": 2.9,
      "transform_4x4": [
        [
          0.09602820697855448,
          0.993833375346514,
          0.05544191114886552,
          0.1581357678873178
        ],
        [
          -0.8606849501789162,
          0.11088382229773107,
          -0.49691668767325686,
          0.6619656973630248
        ],
        [
          -0.4999999999999999,
          0.0,
          0.8660254037844386,
          0.10657550505950432
        ],
        [
          0.0,
          0.0,
          0.0,
          1.0
        ]
      ],
      "interpolated": true,
      "smoothing": "gaussian_sigma1.0_linear_interp"
    },
    {
      "frame": 45,
      "timestamp": 3.0,
      "transform_4x4": [
        [
          0.09602820697855448,
          0.993833375346514,
          0.05544191114886552,
          0.1603594743188504
        ],
        [
          -0.8606849501789162,
          0.11088382229773107,
          -0.49691668767325686,
          0.6691762434199641
        ],
        [
          -0.4999999999999999,
          0.0,
          0.8660254037844386,
          0.10532875414554128
        ],
        [
          0.0,
          0.0,
          0.0,
          1.0
        ]
      ],
      "interpolated": true,
      "smoothing": "gaussian_sigma1.0_linear_interp"
    },
    {
      "frame": 46,
      "timestamp": 3.1,
      "transform_4x4": [
        [
          0.09602820697855448,
          0.993833375346514,
          0.05544191114886552,
          0.16258318075038297
        ],
        [
          -0.8606849501789162,
          0.11088382229773107,
          -0.49691668767325686,
          0.6763867894769033
        ],
        [
          -0.4999999999999999,
          0.0,
          0.8660254037844386,
          0.10408200323157824
        ],
        [
          0.0,
          0.0,
          0.0,
          1.0
        ]
      ],
      "interpolated": true,
      "smoothing": "gaussian_sigma1.0_linear_interp"
    },
    {
      "frame": 48,
      "timestamp": 3.2,
      "transform_4x4": [
        [
          0.09602820697855448,
          0.993833375346514,
          0.05544191114886552,
          0.16480688718191555
        ],
        [
          -0.8606849501789162,
          0.11088382229773107,
          -0.49691668767325686,
          0.6835973355338427
        ],
        [
          -0.4999999999999999,
          0.0,
          0.8660254037844386,
          0.1028352523176152
        ],
        [
          0.0,
          0.0,
          0.0,
          1.0
        ]
      ],
      "interpolated": true,
      "smoothing": "gaussian_sigma1.0_linear_interp"
    },
    {
      "frame": 49,
      "timestamp": 3.3,
      "transform_4x4": [
        [
          0.09602820697855448,
          0.993833375346514,
          0.05544191114886552,
          0.16703059361344813
        ],
        [
          -0.8606849501789162,
          0.11088382229773107,
          -0.49691668767325686,
          0.690807881590782
        ],
        [
          -0.4999999999999999,
          0.0,
          0.8660254037844386,
          0.10158850140365216
        ],
        [
          0.0,
          0.0,
          0.0,
          1.0
        ]
      ],
      "interpolated": true,
      "smoothing": "gaussian_sigma1.0_linear_interp"
    },
    {
      "frame": 51,
      "timestamp": 3.4,
      "transform_4x4": [
        [
          0.09602820697855448,
          0.993833375346514,
          0.05544191114886552,
          0.1692543000449807
        ],
        [
          -0.8606849501789162,
          0.11088382229773107,
          -0.49691668767325686,
          0.6980184276477213
        ],
        [
          -0.4999999999999999,
          0.0,
          0.8660254037844386,
          0.10034175048968913
        ],
        [
          0.0,
          0.0,
          0.0,
          1.0
        ]
      ],
      "interpolated": true,
      "smoothing": "gaussian_sigma1.0_linear_interp"
    },
    {
      "frame": 52,
      "timestamp": 3.5,
      "transform_4x4": [
        [
          0.09602820697855448,
          0.993833375346514,
          0.05544191114886552,
          0.1698173129099651
        ],
        [
          -0.8606849501789162,
          0.11088382229773107,
          -0.49691668767325686,
          0.6997466743724599
        ],
        [
          -0.4999999999999999,
          0.0,
          0.8660254037844386,
          0.10000180561922321
        ],
        [
          0.0,
          0.0,
          0.0,
          1.0
        ]
      ],
      "interpolated": true,
      "smoothing": "gaussian_sigma1.0_linear_interp"
    },
    {
      "frame": 54,
      "timestamp": 3.6,
      "transform_4x4": [
        [
          0.09602820697855448,
          0.993833375346514,
          0.05544191114886552,
          0.17038032577494946
        ],
        [
          -0.8606849501789162,
          0.11088382229773107,
          -0.49691668767325686,
          0.7014749210971983
        ],
        [
          -0.4999999999999999,
          0.0,
          0.8660254037844386,
          0.09966186074875728
        ],
        [
          0.0,
          0.0,
          0.0,
          1.0
        ]
      ],
      "interpolated": true,
      "smoothing": "gaussian_sigma1.0_linear_interp"
    },
    {
      "frame": 55,
      "timestamp": 3.7,
      "transform_4x4": [
        [
          0.09602820697855448,
          0.993833375346514,
          0.05544191114886552,
          0.17094333863993386
        ],
        [
          -0.8606849501789162,
          0.11088382229773107,
          -0.49691668767325686,
          0.7032031678219369
        ],
        [
          -0.4999999999999999,
          0.0,
          0.8660254037844386,
          0.09932191587829137
        ],
        [
          0.0,
          0.0,
          0.0,
          1.0
        ]
      ],
      "interpolated": true,
      "smoothing": "gaussian_sigma1.0_linear_interp"
    },
    {
      "frame": 57,
      "timestamp": 3.8,
      "transform_4x4": [
        [
          0.09602820697855448,
          0.993833375346514,
          0.05544191114886552,
          0.17150635150491822
        ],
        [
          -0.8606849501789162,
          0.11088382229773107,
          -0.49691668767325686,
          0.7049314145466755
        ],
        [
          -0.4999999999999999,
          0.0,
          0.8660254037844386,
          0.09898197100782545
        ],
        [
          0.0,
          0.0,
          0.0,
          1.0
        ]
      ],
      "interpolated": true,
      "smoothing": "gaussian_sigma1.0_linear_interp"
    },
    {
      "frame": 58,
      "timestamp": 3.9,
      "transform_4x4": [
        [
          0.09602820697855448,
          0.993833375346514,
          0.05544191114886552,
          0.1720693643699026
        ],
        [
          -0.8606849501789162,
          0.11088382229773107,
          -0.49691668767325686,
          0.7066596612714141
        ],
        [
          -0.4999999999999999,
          0.0,
          0.8660254037844386,
          0.09864202613735953
        ],
        [
          0.0,
          0.0,
          0.0,
          1.0
        ]
      ],
      "interpolated": true,
      "smoothing": "gaussian_sigma1.0_linear_interp"
    },
    {
      "frame": 60,
      "timestamp": 4.0,
      "transform_4x4": [
        [
          0.09602820697855448,
          0.993833375346514,
          0.05544191114886552,
          0.17263237723488697
        ],
        [
          -0.8606849501789162,
          0.11088382229773107,
          -0.49691668767325686,
          0.7083879079961526
        ],
        [
          -0.4999999999999999,
          0.0,
          0.8660254037844386,
          0.09830208126689362
        ],
        [
          0.0,
          0.0,
          0.0,
          1.0
        ]
      ],
      "interpolated": true,
      "smoothing": "gaussian_sigma1.0_linear_interp"
    },
    {
      "frame": 61,
      "timestamp": 4.1,
      "transform_4x4": [
        [
          0.09602820697855448,
          0.993833375346514,
          0.05544191114886552,
          0.17319539009987137
        ],
        [
          -0.8606849501789162,
          0.11088382229773107,
          -0.49691668767325686,
          0.7101161547208912
        ],
        [
          -0.4999999999999999,
          0.0,
          0.8660254037844386,
          0.09796213639642769
        ],
        [
          0.0,
          0.0,
          0.0,
          1.0
        ]
      ],
      "interpolated": true,
      "smoothing": "gaussian_sigma1.0_linear_interp"
    },
    {
      "frame": 63,
      "timestamp": 4.2,
      "transform_4x4": [
        [
          0.09602820697855448,
          0.993833375346514,
          0.05544191114886552,
          0.17375840296485573
        ],
        [
          -0.8606849501789162,
          0.11088382229773107,
          -0.49691668767325686,
          0.7118444014456298
        ],
        [
          -0.4999999999999999,
          0.0,
          0.8660254037844386,
          0.09762219152596177
        ],
        [
          0.0,
          0.0,
          0.0,
          1.0
        ]
      ],
      "interpolated": true,
      "smoothing": "gaussian_sigma1.0_linear_interp"
    },
    {
      "frame": 64,
      "timestamp": 4.3,
      "transform_4x4": [
        [
          0.09600137879869501,
          0.9938368311875944,
          0.05542642189200179,
          0.17432141582984012
        ],
        [
          -0.8606879430250833,
          0.1108528437840036,
          -0.49691841559379707,
          0.7135726481703683
        ],
        [
          -0.4999999999999999,
          0.0,
          0.8660254037844386,
          0.09728224665549585
        ],
        [
          0.0,
          0.0,
          0.0,
          1.0
        ]
      ],
      "interpolated": true,
      "smoothing": "gaussian_sigma1.0_linear_interp"
    },
    {
      "frame": 66,
      "timestamp": 4.4,
      "transform_4x4": [
        [
          0.09600137879869501,
          0.9938368311875944,
          0.05542642189200179,
          0.17488442869482448
        ],
        [
          -0.8606879430250833,
          0.1108528437840036,
          -0.49691841559379707,
          0.7153008948951068
        ],
        [
          -0.4999999999999999,
          0.0,
          0.8660254037844386,
          0.09694230178502994
        ],
        [
          0.0,
          0.0,
          0.0,
          1.0
        ]
      ],
      "interpolated": true,
      "smoothing": "gaussian_sigma1.0_linear_interp"
    },
    {
      "frame": 67,
      "timestamp": 4.5,
      "transform_4x4": [
        [
          0.09600137879869501,
          0.9938368311875944,
          0.05542642189200179,
          0.17544744155980888
        ],
        [
          -0.8606879430250833,
          0.1108528437840036,
          -0.49691841559379707,
          0.7170291416198454
        ],
        [
          -0.4999999999999999,
          0.0,
          0.8660254037844386,
          0.09660235691456401
        ],
        [
          0.0,
          0.0,
          0.0,
          1.0
        ]
      ],
      "interpolated": true,
      "smoothing": "gaussian_sigma1.0_linear_interp"
    },
    {
      "frame": 69,
      "timestamp": 4.6,
      "transform_4x4": [
        [
          0.09600137879869501,
          0.9938368311875944,
          0.05542642189200179,
          0.17601045442479324
        ],
        [
          -0.8606879430250833,
          0.1108528437840036,
          -0.49691841559379707,
          0.718757388344584
        ],
        [
          -0.4999999999999999,
          0.0,
          0.8660254037844386,
          0.09626241204409809
        ],
        [
          0.0,
          0.0,
          0.0,
          1.0
        ]
      ],
      "interpolated": true,
      "smoothing": "gaussian_sigma1.0_linear_interp"
    },
    {
      "frame": 70,
      "timestamp": 4.7,
      "transform_4x4": [
        [
          0.09600137879869501,
          0.9938368311875944,
          0.05542642189200179,
          0.17657346728977763
        ],
        [
          -0.8606879430250833,
          0.1108528437840036,
          -0.49691841559379707,
          0.7204856350693225
        ],
        [
          -0.4999999999999999,
          0.0,
          0.8660254037844386,
          0.09592246717363218
        ],
        [
          0.0,
          0.0,
          0.0,
          1.0
        ]
      ],
      "interpolated": true,
      "smoothing": "gaussian_sigma1.0_linear_interp"
    },
    {
      "frame": 72,
      "timestamp": 4.8,
      "transform_4x4": [
        [
          0.09600137879869501,
          0.9938368311875944,
          0.05542642189200179,
          0.17713648015476202
        ],
        [
          -0.8606879430250833,
          0.1108528437840036,
          -0.49691841559379707,
          0.7222138817940611
        ],
        [
          -0.4999999999999999,
          0.0,
          0.8660254037844386,
          0.09558252230316625
        ],
        [
          0.0,
          0.0,
          0.0,
          1.0
        ]
      ],
      "interpolated": true,
      "smoothing": "gaussian_sigma1.0_linear_interp"
    },
    {
      "frame": 73,
      "timestamp": 4.9,
      "transform_4x4": [
        [
          0.09600137879869501,
          0.9938368311875944,
          0.05542642189200179,
          0.17769949301974639
        ],
        [
          -0.8606879430250833,
          0.1108528437840036,
          -0.49691841559379707,
          0.7239421285187997
        ],
        [
          -0.4999999999999999,
          0.0,
          0.8660254037844386,
          0.09524257743270033
        ],
        [
          0.0,
          0.0,
          0.0,
          1.0
        ]
      ],
      "interpolated": true,
      "smoothing": "gaussian_sigma1.0_linear_interp"
    },
    {
      "frame": 75,
      "timestamp": 5.0,
      "transform_4x4": [
        [
          0.09600137879869501,
          0.9938368311875944,
          0.05542642189200179,
          0.17826250588473075
        ],
        [
          -0.8606879430250833,
          0.1108528437840036,
          -0.49691841559379707,
          0.7256703752435382
        ],
        [
          -0.4999999999999999,
          0.0,
          0.8660254037844386,
          0.09490263256223441
        ],
        [
          0.0,
          0.0,
          0.0,
          1.0
        ]
      ],
      "interpolated": true,
      "smoothing": "gaussian_sigma1.0_linear_interp"
    },
    {
      "frame": 76,
      "timestamp": 5.1,
      "transform_4x4": [
        [
          0.09600137879869501,
          0.9938368311875944,
          0.05542642189200179,
          0.17882551874971514
        ],
        [
          -0.8606879430250833,
          0.1108528437840036,
          -0.49691841559379707,
          0.7273986219682768
        ],
        [
          -0.4999999999999999,
          0.0,
          0.8660254037844386,
          0.0945626876917685
        ],
        [
          0.0,
          0.0,
          0.0,
          1.0
        ]
      ],
      "interpolated": true,
      "smoothing": "gaussian_sigma1.0_linear_interp"
    },
    {
      "frame": 78,
      "timestamp": 5.2,
      "transform_4x4": [
        [
          0.09600137879869501,
          0.9938368311875944,
          0.05542642189200179,
          0.17890311507942375
        ],
        [
          -0.8606879430250833,
          0.1108528437840036,
          -0.49691841559379707,
          0.7274881542222793
        ],
        [
          -0.4999999999999999,
          0.0,
          0.8660254037844386,
          0.0944783044758205
        ],
        [
          0.0,
          0.0,
          0.0,
          1.0
        ]
      ],
      "interpolated": true,
      "smoothing": "gaussian_sigma1.0_linear_interp"
    },
    {
      "frame": 79,
      "timestamp": 5.3,
      "transform_4x4": [
        [
          0.09600137879869501,
          0.9938368311875944,
          0.05542642189200179,
          0.17898071140913233
        ],
        [
          -0.8606879430250833,
          0.1108528437840036,
          -0.49691841559379707,
          0.7275776864762818
        ],
        [
          -0.4999999999999999,
          0.0,
          0.8660254037844386,
          0.09439392125987248
        ],
        [
          0.0,
          0.0,
          0.0,
          1.0
        ]
      ],
      "interpolated": true,
      "smoothing": "gaussian_sigma1.0_linear_interp"
    },
    {
      "frame": 81,
      "timestamp": 5.4,
      "transform_4x4": [
        [
          0.09600137879869501,
          0.9938368311875944,
          0.05542642189200179,
          0.17905830773884093
        ],
        [
          -0.8606879430250833,
          0.1108528437840036,
          -0.49691841559379707,
          0.7276672187302844
        ],
        [
          -0.4999999999999999,
          0.0,
          0.8660254037844386,
          0.09430953804392447
        ],
        [
          0.0,
          0.0,
          0.0,
          1.0
        ]
      ],
      "interpolated": true,
      "smoothing": "gaussian_sigma1.0_linear_interp"
    },
    {
      "frame": 82,
      "timestamp": 5.5,
      "transform_4x4": [
        [
          0.09600137879869501,
          0.9938368311875944,
          0.05542642189200179,
          0.17913590406854954
        ],
        [
          -0.8606879430250833,
          0.1108528437840036,
          -0.49691841559379707,
          0.7277567509842869
        ],
        [
          -0.4999999999999999,
          0.0,
          0.8660254037844386,
          0.09422515482797647
        ],
        [
          0.0,
          0.0,
          0.0,
          1.0
        ]
      ],
      "interpolated": true,
      "smoothing": "gaussian_sigma1.0_linear_interp"
    },
    {
      "frame": 84,
      "timestamp": 5.6,
      "transform_4x4": [
        [
          0.09600137879869501,
          0.9938368311875944,
          0.05542642189200179,
          0.17921350039825812
        ],
        [
          -0.8606879430250833,
          0.1108528437840036,
          -0.49691841559379707,
          0.7278462832382894
        ],
        [
          -0.4999999999999999,
          0.0,
          0.8660254037844386,
          0.09414077161202845
        ],
        [
          0.0,
          0.0,
          0.0,
          1.0
        ]
      ],
      "interpolated": true,
      "smoothing": "gaussian_sigma1.0_linear_interp"
    },
    {
      "frame": 85,
      "timestamp": 5.7,
      "transform_4x4": [
        [
          0.09600137879869501,
          0.9938368311875944,
          0.05542642189200179,
          0.17929109672796673
        ],
        [
          -0.8606879430250833,
          0.1108528437840036,
          -0.49691841559379707,
          0.7279358154922919
        ],
        [
          -0.4999999999999999,
          0.0,
          0.8660254037844386,
          0.09405638839608045
        ],
        [
          0.0,
          0.0,
          0.0,
          1.0
        ]
      ],
      "interpolated": true,
      "smoothing": "gaussian_sigma1.0_linear_interp"
    },
    {
      "frame": 87,
      "timestamp": 5.8,
      "transform_4x4": [
        [
          0.09600137879869501,
          0.9938368311875944,
          0.05542642189200179,
          0.17936869305767533
        ],
        [
          -0.8606879430250833,
          0.1108528437840036,
          -0.49691841559379707,
          0.7280253477462945
        ],
        [
          -0.4999999999999999,
          0.0,
          0.8660254037844386,
          0.09397200518013243
        ],
        [
          0.0,
          0.0,
          0.0,
          1.0
        ]
      ],
      "interpolated": true,
      "smoothing": "gaussian_sigma1.0_linear_interp"
    },
    {
      "frame": 88,
      "timestamp": 5.9,
      "transform_4x4": [
        [
          0.09600137879869501,
          0.9938368311875944,
          0.05542642189200179,
          0.1794462893873839
        ],
        [
          -0.8606879430250833,
          0.1108528437840036,
          -0.49691841559379707,
          0.728114880000297
        ],
        [
          -0.4999999999999999,
          0.0,
          0.8660254037844386,
          0.09388762196418443
        ],
        [
          0.0,
          0.0,
          0.0,
          1.0
        ]
      ],
      "interpolated": true,
      "smoothing": "gaussian_sigma1.0_linear_interp"
    },
    {
      "frame": 90,
      "timestamp": 6.0,
      "transform_4x4": [
        [
          0.09856248528446954,
