{
  "object": "bread",
  "sequence": "weigh_bread__left__2026_0701_0046_02",
  "num_frames": 44,
  "fps": 15.0,
  "method": "multi-view mask centroid triangulation",
  "trajectory": [
    {
      "frame": 0,
      "timestamp": 0.0,
      "transform_4x4": [
        [
          -0.3024191490161915,
          -0.9517045076212919,
          0.05292625512576281,
          0.0443616074436151
        ],
        [
          0.9374564071340812,
          -0.30701552106255925,
          -0.16406387338456174,
          0.433811071371797
        ],
        [
          0.17238950963322225,
          0.0,
          0.9850288609824674,
          0.056822676804866
        ],
        [
          0.0,
          0.0,
          0.0,
          1.0
        ]
      ],
      "interpolated": true,
      "smoothing": "gaussian_sigma1.0_linear_interp"
    },
    {
      "frame": 1,
      "timestamp": 0.1,
      "transform_4x4": [
        [
          -0.3024191490161915,
          -0.9517045076212919,
          0.05292625512576281,
          0.04799591808318093
        ],
        [
          0.9374564071340812,
          -0.30701552106255925,
          -0.16406387338456174,
          0.4422136864646189
        ],
        [
          0.17238950963322225,
          0.0,
          0.9850288609824674,
          0.048207158066395986
        ],
        [
          0.0,
          0.0,
          0.0,
          1.0
        ]
      ],
      "interpolated": true,
      "smoothing": "gaussian_sigma1.0_linear_interp"
    },
    {
      "frame": 3,
      "timestamp": 0.2,
      "transform_4x4": [
        [
          -0.3024191490161915,
          -0.9517045076212919,
          0.05292625512576281,
          0.05163022872274677
        ],
        [
          0.9374564071340812,
          -0.30701552106255925,
          -0.16406387338456174,
          0.4506163015574408
        ],
        [
          0.17238950963322225,
          0.0,
          0.9850288609824674,
          0.03959163932792597
        ],
        [
          0.0,
          0.0,
          0.0,
          1.0
        ]
      ],
      "interpolated": true,
      "smoothing": "gaussian_sigma1.0_linear_interp"
    },
    {
      "frame": 4,
      "timestamp": 0.301,
      "transform_4x4": [
        [
          -0.3024191490161915,
          -0.9517045076212919,
          0.05292625512576281,
          0.05526453936231261
        ],
        [
          0.9374564071340812,
          -0.30701552106255925,
          -0.16406387338456174,
          0.45901891665026273
        ],
        [
          0.17238950963322225,
          0.0,
          0.9850288609824674,
          0.03097612058945595
        ],
        [
          0.0,
          0.0,
          0.0,
          1.0
        ]
      ],
      "interpolated": true,
      "smoothing": "gaussian_sigma1.0_linear_interp"
    },
    {
      "frame": 6,
      "timestamp": 0.401,
      "transform_4x4": [
        [
          -0.3024191490161915,
          -0.9517045076212919,
          0.05292625512576281,
          0.058898850001878444
        ],
        [
          0.9374564071340812,
          -0.30701552106255925,
          -0.16406387338456174,
          0.46742153174308465
        ],
        [
          0.17238950963322225,
          0.0,
          0.9850288609824674,
          0.022360601850985935
        ],
        [
          0.0,
          0.0,
          0.0,
          1.0
        ]
      ],
      "interpolated": true,
      "smoothing": "gaussian_sigma1.0_linear_interp"
    },
    {
      "frame": 7,
      "timestamp": 0.501,
      "transform_4x4": [
        [
          -0.3024191490161915,
          -0.9517045076212919,
          0.05292625512576281,
          0.06253316064144428
        ],
        [
          0.9374564071340812,
          -0.30701552106255925,
          -0.16406387338456174,
          0.4758241468359066
        ],
        [
          0.17238950963322225,
          0.0,
          0.9850288609824674,
          0.013745083112515918
        ],
        [
          0.0,
          0.0,
          0.0,
          1.0
        ]
      ],
      "interpolated": true,
      "smoothing": "gaussian_sigma1.0_linear_interp"
    },
    {
      "frame": 9,
      "timestamp": 0.601,
      "transform_4x4": [
        [
          -0.3024191490161915,
          -0.9517045076212919,
          0.05292625512576281,
          0.06616747128101011
        ],
        [
          0.9374564071340812,
          -0.30701552106255925,
          -0.16406387338456174,
          0.48422676192872854
        ],
        [
          0.17238950963322225,
          0.0,
          0.9850288609824674,
          0.005129564374045895
        ],
        [
          0.0,
          0.0,
          0.0,
          1.0
        ]
      ],
      "interpolated": true,
      "smoothing": "gaussian_sigma1.0_linear_interp"
    },
    {
      "frame": 10,
      "timestamp": 0.702,
      "transform_4x4": [
        [
          -0.11282487573040616,
          -0.9934186756583403,
          0.019745436679078323,
          0.06980178192057596
        ],
        [
          0.9785460665624462,
          -0.11453966497781057,
          -0.17125495835722634,
          0.49262937702155046
        ],
        [
          0.17238950963322225,
          0.0,
          0.9850288609824674,
          -0.0034859543644241223
        ],
        [
          0.0,
          0.0,
          0.0,
          1.0
        ]
      ],
      "interpolated": true,
      "smoothing": "gaussian_sigma1.0_linear_interp"
    },
    {
      "frame": 12,
      "timestamp": 0.802,
      "transform_4x4": [
        [
          -0.11282487573040616,
          -0.9934186756583403,
          0.019745436679078323,
          0.07343609256014179
        ],
        [
          0.9785460665624462,
          -0.11453966497781057,
          -0.17125495835722634,
          0.5010319921143724
        ],
        [
          0.17238950963322225,
          0.0,
          0.9850288609824674,
          -0.012101473102894132
        ],
        [
          0.0,
          0.0,
          0.0,
          1.0
        ]
      ],
      "interpolated": true,
      "smoothing": "gaussian_sigma1.0_linear_interp"
    },
    {
      "frame": 13,
      "timestamp": 0.902,
      "transform_4x4": [
        [
          -0.11282487573040616,
          -0.9934186756583403,
          0.019745436679078323,
          0.07707040319970762
        ],
        [
          0.9785460665624462,
          -0.11453966497781057,
          -0.17125495835722634,
          0.5094346072071942
        ],
        [
          0.17238950963322225,
          0.0,
          0.9850288609824674,
          -0.020716991841364156
        ],
        [
          0.0,
          0.0,
          0.0,
          1.0
        ]
      ],
      "interpolated": true,
      "smoothing": "gaussian_sigma1.0_linear_interp"
    },
    {
      "frame": 15,
      "timestamp": 1.002,
      "transform_4x4": [
        [
          -0.11282487573040616,
          -0.9934186756583403,
          0.019745436679078323,
          0.08070471383927347
        ],
        [
          0.9785460665624462,
          -0.11453966497781057,
          -0.17125495835722634,
          0.5178372223000163
        ],
        [
          0.17238950963322225,
          0.0,
          0.9850288609824674,
          -0.029332510579834166
        ],
        [
          0.0,
          0.0,
          0.0,
          1.0
        ]
      ],
      "interpolated": true,
      "smoothing": "gaussian_sigma1.0_linear_interp"
    },
    {
      "frame": 16,
      "timestamp": 1.103,
      "transform_4x4": [
        [
          -0.11282487573040616,
          -0.9934186756583403,
          0.019745436679078323,
          0.0843390244788393
        ],
        [
          0.9785460665624462,
          -0.11453966497781057,
          -0.17125495835722634,
          0.5262398373928382
        ],
        [
          0.17238950963322225,
          0.0,
          0.9850288609824674,
          -0.037948029318304204
        ],
        [
          0.0,
          0.0,
          0.0,
          1.0
        ]
      ],
      "interpolated": true,
      "smoothing": "gaussian_sigma1.0_linear_interp"
    },
    {
      "frame": 18,
      "timestamp": 1.203,
      "transform_4x4": [
        [
          -0.11282487573040616,
          -0.9934186756583403,
          0.019745436679078323,
          0.08797333511840513
        ],
        [
          0.9785460665624462,
          -0.11453966497781057,
          -0.17125495835722634,
          0.5346424524856601
        ],
        [
          0.17238950963322225,
          0.0,
          0.9850288609824674,
          -0.046563548056774214
        ],
        [
          0.0,
          0.0,
          0.0,
          1.0
        ]
      ],
      "interpolated": true,
      "smoothing": "gaussian_sigma1.0_linear_interp"
    },
    {
      "frame": 19,
      "timestamp": 1.303,
      "transform_4x4": [
        [
          -0.11282487573040616,
          -0.9934186756583403,
          0.019745436679078323,
          0.09160764575797097
        ],
        [
          0.9785460665624462,
          -0.11453966497781057,
          -0.17125495835722634,
          0.543045067578482
        ],
        [
          0.17238950963322225,
          0.0,
          0.9850288609824674,
          -0.05517906679524421
        ],
        [
          0.0,
          0.0,
          0.0,
          1.0
        ]
      ],
      "interpolated": true,
      "smoothing": "gaussian_sigma1.0_linear_interp"
    },
    {
      "frame": 21,
      "timestamp": 1.403,
      "transform_4x4": [
        [
          -0.11282487573040616,
          -0.9934186756583403,
          0.019745436679078323,
          0.09523864540273434
        ],
        [
          0.9785460665624462,
          -0.11453966497781057,
          -0.17125495835722634,
          0.5514398458841415
        ],
        [
          0.17238950963322225,
          0.0,
          0.9850288609824674,
          -0.06378695495209684
        ],
        [
          0.0,
          0.0,
          0.0,
          1.0
        ]
      ],
      "interpolated": true,
      "smoothing": "gaussian_sigma1.0_linear_interp"
    },
    {
      "frame": 22,
      "timestamp": 1.503,
      "transform_4x4": [
        [
          -0.11282487573040616,
          -0.9934186756583403,
          0.019745436679078323,
          0.0974348806330966
        ],
        [
          0.9785460665624462,
          -0.11453966497781057,
          -0.17125495835722634,
          0.5564386830860886
        ],
        [
          0.17238950963322225,
          0.0,
          0.9850288609824674,
          -0.0690882577414145
        ],
        [
          0.0,
          0.0,
          0.0,
          1.0
        ]
      ],
      "interpolated": true,
      "smoothing": "gaussian_sigma1.0_linear_interp"
    },
    {
      "frame": 24,
      "timestamp": 1.604,
      "transform_4x4": [
        [
          -0.11282487573040616,
          -0.9934186756583403,
          0.019745436679078323,
          0.09963111586345888
        ],
        [
          0.9785460665624462,
          -0.11453966497781057,
          -0.17125495835722634,
          0.5614375202880356
        ],
        [
          0.17238950963322225,
          0.0,
          0.9850288609824674,
          -0.07438956053073216
        ],
        [
          0.0,
          0.0,
          0.0,
          1.0
        ]
      ],
      "interpolated": true,
      "smoothing": "gaussian_sigma1.0_linear_interp"
    },
    {
      "frame": 25,
      "timestamp": 1.704,
      "transform_4x4": [
        [
          -0.11282487573040616,
          -0.9934186756583403,
          0.019745436679078323,
          0.10182735109382114
        ],
        [
          0.9785460665624462,
          -0.11453966497781057,
          -0.17125495835722634,
          0.5664363574899826
        ],
        [
          0.17238950963322225,
          0.0,
          0.9850288609824674,
          -0.0796908633200498
        ],
        [
          0.0,
          0.0,
          0.0,
          1.0
        ]
      ],
      "interpolated": true,
      "smoothing": "gaussian_sigma1.0_linear_interp"
    },
    {
      "frame": 27,
      "timestamp": 1.804,
      "transform_4x4": [
        [
          -0.11282487573040616,
          -0.9934186756583403,
          0.019745436679078323,
          0.1040235863241834
        ],
        [
          0.9785460665624462,
          -0.11453966497781057,
          -0.17125495835722634,
          0.5714351946919296
        ],
        [
          0.17238950963322225,
          0.0,
          0.9850288609824674,
          -0.08499216610936747
        ],
        [
          0.0,
          0.0,
          0.0,
          1.0
        ]
      ],
      "interpolated": true,
      "smoothing": "gaussian_sigma1.0_linear_interp"
    },
    {
      "frame": 28,
      "timestamp": 1.904,
      "transform_4x4": [
        [
          -0.11282487573040616,
          -0.9934186756583403,
          0.019745436679078323,
          0.10621982155454568
        ],
        [
          0.9785460665624462,
          -0.11453966497781057,
          -0.17125495835722634,
          0.5764340318938767
        ],
        [
          0.17238950963322225,
          0.0,
          0.9850288609824674,
          -0.09029346889868514
        ],
        [
          0.0,
          0.0,
          0.0,
          1.0
        ]
      ],
      "interpolated": true,
      "smoothing": "gaussian_sigma1.0_linear_interp"
    },
    {
      "frame": 30,
      "timestamp": 2.005,
      "transform_4x4": [
        [
          -0.11282487573040616,
          -0.9934186756583403,
          0.019745436679078323,
          0.10841605678490794
        ],
        [
          0.9785460665624462,
          -0.11453966497781057,
          -0.17125495835722634,
          0.5814328690958237
        ],
        [
          0.17238950963322225,
          0.0,
          0.9850288609824674,
          -0.09559477168800279
        ],
        [
          0.0,
          0.0,
          0.0,
          1.0
        ]
      ],
      "interpolated": true,
      "smoothing": "gaussian_sigma1.0_linear_interp"
    },
    {
      "frame": 31,
      "timestamp": 2.105,
      "transform_4x4": [
        [
          -0.11282487573040616,
          -0.9934186756583403,
          0.019745436679078323,
          0.1106122920152702
        ],
        [
          0.9785460665624462,
          -0.11453966497781057,
          -0.17125495835722634,
          0.5864317062977707
        ],
        [
          0.17238950963322225,
          0.0,
          0.9850288609824674,
          -0.10089607447732044
        ],
        [
          0.0,
          0.0,
          0.0,
          1.0
        ]
      ],
      "interpolated": true,
      "smoothing": "gaussian_sigma1.0_linear_interp"
    },
    {
      "frame": 33,
      "timestamp": 2.205,
      "transform_4x4": [
        [
          -0.11894832023081439,
          -0.9926821976513687,
          0.020817098268403486,
          0.11280852724563248
        ],
        [
          0.9778206144701003,
          -0.12075617775521356,
          -0.17112799727474884,
          0.5914305434997178
        ],
        [
          0.17238950963322225,
          0.0,
          0.9850288609824674,
          -0.10619737726663811
        ],
        [
          0.0,
          0.0,
          0.0,
          1.0
        ]
      ],
      "interpolated": true,
      "smoothing": "gaussian_sigma1.0_linear_interp"
    },
    {
      "frame": 34,
      "timestamp": 2.305,
      "transform_4x4": [
        [
          -0.11894832023081439,
          -0.9926821976513687,
          0.020817098268403486,
          0.11500476247599474
        ],
        [
          0.9778206144701003,
          -0.12075617775521356,
          -0.17112799727474884,
          0.5964293807016647
        ],
        [
          0.17238950963322225,
          0.0,
          0.9850288609824674,
          -0.11149868005595577
        ],
        [
          0.0,
          0.0,
          0.0,
          1.0
        ]
      ],
      "interpolated": true,
      "smoothing": "gaussian_sigma1.0_linear_interp"
    },
    {
      "frame": 36,
      "timestamp": 2.406,
      "transform_4x4": [
        [
          -0.11894832023081439,
          -0.9926821976513687,
          0.020817098268403486,
          0.117200997706357
        ],
        [
          0.9778206144701003,
          -0.12075617775521356,
          -0.17112799727474884,
          0.6014282179036118
        ],
        [
          0.17238950963322225,
          0.0,
          0.9850288609824674,
          -0.11679998284527342
        ],
        [
          0.0,
          0.0,
          0.0,
          1.0
        ]
      ],
      "interpolated": true,
      "smoothing": "gaussian_sigma1.0_linear_interp"
    },
    {
      "frame": 37,
      "timestamp": 2.506,
      "transform_4x4": [
        [
          -0.11894832023081439,
          -0.9926821976513687,
          0.020817098268403486,
          0.11939723293671926
        ],
        [
          0.9778206144701003,
          -0.12075617775521356,
          -0.17112799727474884,
          0.6064270551055588
        ],
        [
          0.17238950963322225,
          0.0,
          0.9850288609824674,
          -0.12210128563459108
        ],
        [
          0.0,
          0.0,
          0.0,
          1.0
        ]
      ],
      "interpolated": true,
      "smoothing": "gaussian_sigma1.0_linear_interp"
    },
    {
      "frame": 39,
      "timestamp": 2.606,
      "transform_4x4": [
        [
          -0.11894832023081439,
          -0.9926821976513687,
          0.020817098268403486,
          0.12159346816708153
        ],
        [
          0.9778206144701003,
          -0.12075617775521356,
          -0.17112799727474884,
          0.6114258923075059
        ],
        [
          0.17238950963322225,
          0.0,
          0.9850288609824674,
          -0.12740258842390872
        ],
        [
          0.0,
          0.0,
          0.0,
          1.0
        ]
      ],
      "interpolated": true,
      "smoothing": "gaussian_sigma1.0_linear_interp"
    },
    {
      "frame": 40,
      "timestamp": 2.706,
      "transform_4x4": [
        [
          -0.11894832023081439,
          -0.9926821976513687,
          0.020817098268403486,
          0.1237897033974438
        ],
        [
          0.9778206144701003,
          -0.12075617775521356,
          -0.17112799727474884,
          0.6164247295094529
        ],
        [
          0.17238950963322225,
          0.0,
          0.9850288609824674,
          -0.1327038912132264
        ],
        [
          0.0,
          0.0,
          0.0,
          1.0
        ]
      ],
      "interpolated": true,
      "smoothing": "gaussian_sigma1.0_linear_interp"
    },
    {
      "frame": 42,
      "timestamp": 2.806,
      "transform_4x4": [
        [
          -0.11894832023081439,
          -0.9926821976513687,
          0.020817098268403486,
          0.12598593862780605
        ],
        [
          0.9778206144701003,
          -0.12075617775521356,
          -0.17112799727474884,
          0.6214235667113999
        ],
        [
          0.17238950963322225,
          0.0,
          0.9850288609824674,
          -0.13800519400254405
        ],
        [
          0.0,
          0.0,
          0.0,
          1.0
        ]
      ],
      "interpolated": true,
      "smoothing": "gaussian_sigma1.0_linear_interp"
    },
    {
      "frame": 43,
      "timestamp": 2.907,
      "transform_4x4": [
        [
          -0.11894832023081439,
          -0.9926821976513687,
          0.020817098268403486,
          0.12654318107830692
        ],
        [
          0.9778206144701003,
          -0.12075617775521356,
          -0.17112799727474884,
          0.622503385871009
        ],
        [
          0.17238950963322225,
          0.0,
          0.9850288609824674,
          -0.13936199459325993
        ],
        [
          0.0,
          0.0,
          0.0,
          1.0
        ]
      ],
      "interpolated": true,
      "smoothing": "gaussian_sigma1.0_linear_interp"
    },
    {
      "frame": 45,
      "timestamp": 3.007,
      "transform_4x4": [
        [
          -0.11894832023081439,
          -0.9926821976513687,
          0.020817098268403486,
          0.12709157094434867
        ],
        [
          0.9778206144701003,
          -0.12075617775521356,
          -0.17112799727474884,
          0.6235620374948955
        ],
        [
          0.17238950963322225,
          0.0,
          0.9850288609824674,
          -0.1406974900023476
        ],
        [
          0.0,
          0.0,
          0.0,
          1.0
        ]
      ],
      "interpolated": true,
      "smoothing": "gaussian_sigma1.0_linear_interp"
    },
    {
      "frame": 46,
      "timestamp": 3.107,
      "transform_4x4": [
        [
          -0.11894832023081439,
          -0.9926821976513687,
          0.020817098268403486,
          0.12763996081039042
        ],
        [
          0.9778206144701003,
          -0.12075617775521356,
          -0.17112799727474884,
          0.624620689118782
        ],
        [
          0.17238950963322225,
          0.0,
          0.9850288609824674,
          -0.14203298541143522
        ],
        [
          0.0,
          0.0,
          0.0,
          1.0
        ]
      ],
      "interpolated": true,
      "smoothing": "gaussian_sigma1.0_linear_interp"
    },
    {
      "frame": 48,
      "timestamp": 3.207,
      "transform_4x4": [
        [
          -0.11894832023081439,
          -0.9926821976513687,
          0.020817098268403486,
          0.12818835067643217
        ],
        [
          0.9778206144701003,
          -0.12075617775521356,
          -0.17112799727474884,
          0.6256793407426685
        ],
        [
          0.17238950963322225,
          0.0,
          0.9850288609824674,
          -0.1433684808205229
        ],
        [
          0.0,
          0.0,
          0.0,
          1.0
        ]
      ],
      "interpolated": true,
      "smoothing": "gaussian_sigma1.0_linear_interp"
    },
    {
      "frame": 49,
      "timestamp": 3.308,
      "transform_4x4": [
        [
          -0.11894832023081439,
          -0.9926821976513687,
          0.020817098268403486,
          0.12873674054247392
        ],
        [
          0.9778206144701003,
          -0.12075617775521356,
          -0.17112799727474884,
          0.626737992366555
        ],
        [
          0.17238950963322225,
          0.0,
          0.9850288609824674,
          -0.14470397622961054
        ],
        [
          0.0,
          0.0,
          0.0,
          1.0
        ]
      ],
      "interpolated": true,
      "smoothing": "gaussian_sigma1.0_linear_interp"
    },
    {
      "frame": 51,
      "timestamp": 3.408,
      "transform_4x4": [
        [
          -0.11894832023081439,
          -0.9926821976513687,
          0.020817098268403486,
          0.12928513040851564
        ],
        [
          0.9778206144701003,
          -0.12075617775521356,
          -0.17112799727474884,
          0.6277966439904415
        ],
        [
          0.17238950963322225,
          0.0,
          0.9850288609824674,
          -0.14603947163869818
        ],
        [
          0.0,
          0.0,
          0.0,
          1.0
        ]
      ],
      "interpolated": true,
      "smoothing": "gaussian_sigma1.0_linear_interp"
    },
    {
      "frame": 52,
      "timestamp": 3.508,
      "transform_4x4": [
        [
          -0.11894832023081439,
          -0.9926821976513687,
          0.020817098268403486,
          0.12983352027455738
        ],
        [
          0.9778206144701003,
          -0.12075617775521356,
          -0.17112799727474884,
          0.6288552956143281
        ],
        [
          0.17238950963322225,
          0.0,
          0.9850288609824674,
          -0.14737496704778583
        ],
        [
          0.0,
          0.0,
          0.0,
          1.0
        ]
      ],
      "interpolated": true,
      "smoothing": "gaussian_sigma1.0_linear_interp"
    },
    {
      "frame": 54,
      "timestamp": 3.608,
      "transform_4x4": [
        [
          -0.11549155450974932,
          -0.993102799610602,
          0.020212131072846418,
          0.13038191014059913
        ],
        [
          0.9782349195389309,
          -0.11724687375612333,
          -0.17120050464025185,
          0.6299139472382147
        ],
        [
          0.17238950963322225,
          0.0,
          0.9850288609824674,
          -0.14871046245687347
        ],
        [
          0.0,
          0.0,
          0.0,
          1.0
        ]
      ],
      "interpolated": true,
      "smoothing": "gaussian_sigma1.0_linear_interp"
    },
    {
      "frame": 55,
      "timestamp": 3.709,
      "transform_4x4": [
        [
          -0.11549155450974932,
          -0.993102799610602,
          0.020212131072846418,
          0.13093030000664088
        ],
        [
          0.9782349195389309,
          -0.11724687375612333,
          -0.17120050464025185,
          0.6309725988621012
        ],
        [
          0.17238950963322225,
          0.0,
          0.9850288609824674,
          -0.15004595786596112
        ],
        [
          0.0,
          0.0,
          0.0,
          1.0
        ]
      ],
      "interpolated": true,
      "smoothing": "gaussian_sigma1.0_linear_interp"
    },
    {
      "frame": 57,
      "timestamp": 3.809,
      "transform_4x4": [
        [
          -0.11549155450974932,
          -0.993102799610602,
          0.020212131072846418,
          0.13147868987268263
        ],
        [
          0.9782349195389309,
          -0.11724687375612333,
          -0.17120050464025185,
          0.6320312504859877
        ],
        [
          0.17238950963322225,
          0.0,
          0.9850288609824674,
          -0.15138145327504876
        ],
        [
          0.0,
          0.0,
          0.0,
          1.0
        ]
      ],
      "interpolated": true,
      "smoothing": "gaussian_sigma1.0_linear_interp"
    },
    {
      "frame": 58,
      "timestamp": 3.909,
      "transform_4x4": [
        [
          -0.11549155450974932,
          -0.993102799610602,
          0.020212131072846418,
          0.13202707973872438
        ],
        [
          0.9782349195389309,
          -0.11724687375612333,
          -0.17120050464025185,
          0.6330899021098743
        ],
        [
          0.17238950963322225,
          0.0,
          0.9850288609824674,
          -0.1527169486841364
        ],
        [
          0.0,
          0.0,
          0.0,
          1.0
        ]
      ],
      "interpolated": true,
      "smoothing": "gaussian_sigma1.0_linear_interp"
    },
    {
      "frame": 60,
      "timestamp": 4.009,
      "transform_4x4": [
        [
          -0.11549155450974932,
          -0.993102799610602,
          0.020212131072846418,
          0.1325754696047661
        ],
        [
          0.9782349195389309,
          -0.11724687375612333,
          -0.17120050464025185,
          0.6341485537337608
        ],
        [
          0.17238950963322225,
          0.0,
          0.9850288609824674,
          -0.15405244409322405
        ],
        [
          0.0,
          0.0,
          0.0,
          1.0
        ]
      ],
      "interpolated": true,
      "smoothing": "gaussian_sigma1.0_linear_interp"
    },
    {
      "frame": 61,
      "timestamp": 4.109,
      "transform_4x4": [
        [
          -0.11549155450974932,
          -0.993102799610602,
          0.020212131072846418,
          0.13312385947080785
        ],
        [
          0.9782349195389309,
          -0.11724687375612333,
          -0.17120050464025185,
          0.6352072053576473
        ],
        [
          0.17238950963322225,
          0.0,
          0.9850288609824674,
          -0.1553879395023117
        ],
        [
          0.0,
          0.0,
          0.0,
          1.0
        ]
      ],
      "interpolated": true,
      "smoothing": "gaussian_sigma1.0_linear_interp"
    },
    {
      "frame": 63,
      "timestamp": 4.21,
      "transform_4x4": [
        [
          -0.11549155450974932,
          -0.993102799610602,
          0.020212131072846418,
          0.1336722493368496
        ],
        [
          0.9782349195389309,
          -0.11724687375612333,
          -0.17120050464025185,
          0.6362658569815338
        ],
        [
          0.17238950963322225,
          0.0,
          0.9850288609824674,
          -0.15672343491139934
        ],
        [
          0.0,
          0.0,
          0.0,
          1.0
        ]
      ],
      "interpolated": true,
      "smoothing": "gaussian_sigma1.0_linear_interp"
    },
    {
      "frame": 64,
      "timestamp": 4.31,
      "transform_4x4": [
        [
          -0.11549155450974932,
          -0.993102799610602,
          0.020212131072846418,
          0.13367263295725199
        ],
        [
          0.9782349195389309,
          -0.11724687375612333,
          -0.17120050464025185,
          0.6363920059940593
        ],
        [
          0.17238950963322225,
          0.0,
          0.9850288609824674,
          -0.15674655323109501
        ],
        [
          0.0,
          0.0,
          0.0,
          1.0
        ]
      ],
      "interpolated": true,
      "smoothing": "gaussian_sigma1.0_linear_interp"
    },
    {
      "frame": 66,
      "timestamp": 4.41,
      "transform_4x4": [
        [
          -0.11549155450974932,
          -0.993102799610602,
          0.020212131072846418,
          0.13367132910653617
        ],
        [
          0.9782349195389309,
          -0.11724687375612333,
          -0.17120050464025185,
          0.6365152835589748
        ],
        [
          0.17238950963322225,
          0.0,
          0.9850288609824674,
          -0.15676563035882948
        ],
        [
          0.0,
          0.0,
          0.0,
          1.0
        ]
      ],
      "interpolated": true,
      "smoothing": "gaussian_sigma1.0_linear_interp"
    },
    {
      "frame": 67,
      "timestamp": 4.51,
      "transform_4x4": [
        [
          -0.11549155450974932,
          -0.993102799610602,
          0.020212131072846418,
          0.13367002525582034
        ],
        [
          0.9782349195389309,
          -0.11724687375612333,
          -0.17120050464025185,
          0.6366385611238903
        ],
        [
          0.17238950963322225,
          0.0,
          0.9850288609824674,
          -0.15678470748656398
        ],
        [
          0.0,
          0.0,
          0.0,
          1.0
        ]
      ],
      "interpolated": true,
      "smoothing": "gaussian_sigma1.0_linear_interp"
    },
    {
      "frame": 69,
      "timestamp": 4.611,
      "transform_4x4": [
        [
          -0.11549155450974932,
          -0.993102799610602,
          0.020212131072846418,
          0.13366872140510452
        ],
        [
          0.9782349195389309,
          -0.11724687375612333,
          -0.17120050464025185,
          0.6367618386888058
        ],
        [
          0.17238950963322225,
          0.0,
          0.9850288609824674,
          -0.15680378461429847
        ],
        [
          0.0,
          0.0,
          0.0,
          1.0
        ]
      ],
      "interpolated": true,
      "smoothing": "gaussian_sigma1.0_linear_interp"
    },
    {
      "frame": 70,
      "timestamp": 4.711,
      "transform_4x4": [
        [
          -0.11549155450974932,
          -0.993102799610602,
          0.020212131072846418,
          0.13366741755438868
        ],
        [
          0.9782349195389309,
          -0.11724687375612333,
          -0.17120050464025185,
          0.6368851162537214
        ],
        [
          0.17238950963322225,
          0.0,
          0.9850288609824674,
          -0.15682286174203294
        ],
        [
          0.0,
          0.0,
          0.0,
          1.0
        ]
      ],
      "interpolated": true,
      "smoothing": "gaussian_sigma1.0_linear_interp"
    },
    {
      "frame": 72,
      "timestamp": 4.811,
      "transform_4x4": [
        [
          -0.11549155450974932,
          -0.993102799610602,
          0.020212131072846418,
          0.13366611370367287
        ],
        [
          0.9782349195389309,
          -0.11724687375612333,
          -0.17120050464025185,
          0.6370083938186368
        ],
        [
          0.17238950963322225,
          0.0,
          0.9850288609824674,
          -0.15684193886976744
        ],
        [
          0.0,
          0.0,
          0.0,
          1.0
        ]
      ],
      "interpolated": true,
      "smoothing": "gaussian_sigma1.0_linear_interp"
    },
    {
      "frame": 73,
      "timestamp": 4.911,
      "transform_4x4": [
        [
          -0.11549155450974932,
          -0.993102799610602,
          0.020212131072846418,
          0.13366480985295703
        ],
        [
          0.9782349195389309,
          -0.11724687375612333,
          -0.17120050464025185,
          0.6371316713835523
        ],
        [
          0.17238950963322225,
          0.0,
          0.9850288609824674,
          -0.1568610159975019
        ],
        [
          0.0,
          0.0,
          0.0,
          1.0
        ]
      ],
      "interpolated": true,
      "smoothing": "gaussian_sigma1.0_linear_interp"
    },
    {
      "frame": 75,
      "timestamp": 5.012,
      "transform_4x4": [
        [
          -0.10685674057662596,
          -0.9940985420211709,
          0.018700955716806016,
          0.13366350600224122
        ],
        [
          0.9792157545514455,
          -0.10848082204418567,
          -0.17137216018613083,
          0.6372549489484678
        ],
        [
          0.17238950963322225,
          0.0,
          0.9850288609824674,
          -0.1568800931252364
        ],
        [
          0.0,
          0.0,
          0.0,
          1.0
        ]
      ],
      "interpolated": true,
      "smoothing": "gaussian_sigma1.0_linear_interp"
    },
    {
      "frame": 76,
      "timestamp": 5.112,
      "transform_4x4": [
        [
          -0.10685674057662596,
          -0.9940985420211709,
          0.018700955716806016,
          0.13366220215152538
        ],
        [
          0.9792157545514455,
          -0.10848082204418567,
          -0.17137216018613083,
          0.6373782265133833
        ],
        [
          0.17238950963322225,
          0.0,
          0.9850288609824674,
          -0.1568991702529709
        ],
        [
          0.0,
          0.0,
          0.0,
          1.0
        ]
      ],
      "interpolated": true,
      "smoothing": "gaussian_sigma1.0_linear_interp"
    },
    {
      "frame": 78,
      "timestamp": 5.212,
      "transform_4x4": [
        [
          -0.10685674057662596,
          -0.9940985420211709,
          0.018700955716806016,
          0.13366089830080957
        ],
        [
          0.9792157545514455,
          -0.10848082204418567,
          -0.17137216018613083,
          0.6375015040782988
        ],
        [
          0.17238950963322225,
          0.0,
          0.9850288609824674,
          -0.15691824738070537
        ],
        [
          0.0,
          0.0,
          0.0,
          1.0
        ]
      ],
      "interpolated": true,
      "smoothing": "gaussian_sigma1.0_linear_interp"
    },
    {
      "frame": 79,
      "timestamp": 5.312,
      "transform_4x4": [
        [
          -0.10685674057662596,
          -0.9940985420211709,
          0.018700955716806016,
          0.13365959445009373
        ],
        [
          0.9792157545514455,
          -0.10848082204418567,
          -0.17137216018613083,
          0.6376247816432142
        ],
        [
          0.17238950963322225,
          0.0,
          0.9850288609824674,
          -0.15693732450843986
        ],
        [
          0.0,
          0.0,
          0.0,
          1.0
        ]
      ],
      "interpolated": true,
      "smoothing": "gaussian_sigma1.0_linear_interp"
    },
    {
      "frame": 81,
      "timestamp": 5.412,
      "transform_4x4": [
        [
          -0.10685674057662596,
          -0.9940985420211709,
          0.018700955716806016,
          0.13365829059937792
        ],
        [
          0.9792157545514455,
          -0.10848082204418567,
          -0.17137216018613083,
          0.6377480592081297
        ],
        [
          0.17238950963322225,
          0.0,
          0.9850288609824674,
          -0.15695640163617436
        ],
        [
          0.0,
          0.0,
          0.0,
          1.0
        ]
      ],
      "interpolated": true,
      "smoothing": "gaussian_sigma1.0_linear_interp"
    },
    {
      "frame": 82,
      "timestamp": 5.513,
      "transform_4x4": [
        [
          -0.10685674057662596,
          -0.9940985420211709,
          0.018700955716806016,
          0.13365698674866208
        ],
        [
          0.9792157545514455,
          -0.10848082204418567,
          -0.17137216018613083,
          0.6378713367730452
        ],
        [
          0.17238950963322225,
          0.0,
          0.9850288609824674,
          -0.15697547876390883
        ],
        [
          0.0,
          0.0,
          0.0,
          1.0
        ]
      ],
      "interpolated": true,
      "smoothing": "gaussian_sigma1.0_linear_interp"
    },
    {
      "frame": 84,
      "timestamp": 5.613,
      "transform_4x4": [
        [
          -0.10685674057662596,
          -0.9940985420211709,
          0.018700955716806016,
          0.13365568289794627
        ],
        [
          0.9792157545514455,
          -0.10848082204418567,
          -0.17137216018613083,
          0.6379946143379607
        ],
        [
          0.17238950963322225,
          0.0,
          0.9850288609824674,
          -0.15699455589164332
        ],
        [
          0.0,
          0.0,
          0.0,
          1.0
        ]
      ],
      "interpolated": true,
      "smoothing": "gaussian_sigma1.0_linear_interp"
    },
    {
      "frame": 85,
      "timestamp": 5.713,
      "transform_4x4": [
        [
          -0.10685674057662596,
          -0.9940985420211709,
          0.018700955716806016,
          0.13351727835885233
        ],
        [
          0.9792157545514455,
          -0.10848082204418567,
          -0.17137216018613083,
          0.6380717945004168
        ],
        [
          0.17238950963322225,
          0.0,
          0.9850288609824674,
          -0.15671739857126626
        ],
        [
          0.0,
          0.0,
          0.0,
          1.0
        ]
      ],
      "interpolated": true,
      "smoothing": "gaussian_sigma1.0_linear_interp"
    },
    {
      "frame": 87,
      "timestamp": 5.813,
      "transform_4x4": [
        [
          -0.10685674057662596,
          -0.9940985420211709,
          0.018700955716806016,
          0.13337876851969052
        ],
        [
          0.9792157545514455,
          -0.10848082204418567,
          -0.17137216018613083,
          0.638148939257802
        ],
        [
          0.17238950963322225,
          0.0,
          0.9850288609824674,
          -0.15644001372827163
        ],
        [
          0.0,
          0.0,
          0.0,
          1.0
        ]
      ],
      "interpolated": true,
      "smoothing": "gaussian_sigma1.0_linear_interp"
    },
    {
      "frame": 88,
      "timestamp": 5.914,
      "transform_4x4": [
        [
          -0.10685674057662596,
          -0.9940985420211709,
          0.018700955716806016,
          0.1332402586805287
        ],
        [
          0.9792157545514455,
          -0.10848082204418567,
          -0.17137216018613083,
