{
  "object": "drink_yykx",
  "sequence": "weigh_drink_yykx__left__2026_0701_0052_53",
  "num_frames": 37,
  "fps": 15.0,
  "method": "multi-view mask centroid triangulation",
  "trajectory": [
    {
      "frame": 0,
      "timestamp": 0.0,
      "transform_4x4": [
        [
          -0.16830325558933668,
          -0.9809342581831741,
          -0.09716992991999389,
          0.06474281850337733
        ],
        [
          0.8495139870290721,
          -0.19433985983998783,
          0.49046712909158696,
          0.4561434118857967
        ],
        [
          -0.4999999999999999,
          0.0,
          0.8660254037844386,
          0.06279626072144255
        ],
        [
          0.0,
          0.0,
          0.0,
          1.0
        ]
      ],
      "interpolated": true,
      "smoothing": "gaussian_sigma1.0_linear_interp"
    },
    {
      "frame": 1,
      "timestamp": 0.1,
      "transform_4x4": [
        [
          -0.16830325558933668,
          -0.9809342581831741,
          -0.09716992991999389,
          0.06792867986727509
        ],
        [
          0.8495139870290721,
          -0.19433985983998783,
          0.49046712909158696,
          0.46482592783152976
        ],
        [
          -0.4999999999999999,
          0.0,
          0.8660254037844386,
          0.05252646540910534
        ],
        [
          0.0,
          0.0,
          0.0,
          1.0
        ]
      ],
      "interpolated": true,
      "smoothing": "gaussian_sigma1.0_linear_interp"
    },
    {
      "frame": 3,
      "timestamp": 0.2,
      "transform_4x4": [
        [
          -0.16830325558933668,
          -0.9809342581831741,
          -0.09716992991999389,
          0.07111454123117285
        ],
        [
          0.8495139870290721,
          -0.19433985983998783,
          0.49046712909158696,
          0.47350844377726287
        ],
        [
          -0.4999999999999999,
          0.0,
          0.8660254037844386,
          0.04225667009676813
        ],
        [
          0.0,
          0.0,
          0.0,
          1.0
        ]
      ],
      "interpolated": true,
      "smoothing": "gaussian_sigma1.0_linear_interp"
    },
    {
      "frame": 4,
      "timestamp": 0.3,
      "transform_4x4": [
        [
          -0.16830325558933668,
          -0.9809342581831741,
          -0.09716992991999389,
          0.0743004025950706
        ],
        [
          0.8495139870290721,
          -0.19433985983998783,
          0.49046712909158696,
          0.4821909597229959
        ],
        [
          -0.4999999999999999,
          0.0,
          0.8660254037844386,
          0.03198687478443092
        ],
        [
          0.0,
          0.0,
          0.0,
          1.0
        ]
      ],
      "interpolated": true,
      "smoothing": "gaussian_sigma1.0_linear_interp"
    },
    {
      "frame": 6,
      "timestamp": 0.4,
      "transform_4x4": [
        [
          -0.16830325558933668,
          -0.9809342581831741,
          -0.09716992991999389,
          0.07748626395896836
        ],
        [
          0.8495139870290721,
          -0.19433985983998783,
          0.49046712909158696,
          0.490873475668729
        ],
        [
          -0.4999999999999999,
          0.0,
          0.8660254037844386,
          0.02171707947209371
        ],
        [
          0.0,
          0.0,
          0.0,
          1.0
        ]
      ],
      "interpolated": true,
      "smoothing": "gaussian_sigma1.0_linear_interp"
    },
    {
      "frame": 7,
      "timestamp": 0.5,
      "transform_4x4": [
        [
          -0.16830325558933668,
          -0.9809342581831741,
          -0.09716992991999389,
          0.08067212532286612
        ],
        [
          0.8495139870290721,
          -0.19433985983998783,
          0.49046712909158696,
          0.49955599161446207
        ],
        [
          -0.4999999999999999,
          0.0,
          0.8660254037844386,
          0.011447284159756509
        ],
        [
          0.0,
          0.0,
          0.0,
          1.0
        ]
      ],
      "interpolated": true,
      "smoothing": "gaussian_sigma1.0_linear_interp"
    },
    {
      "frame": 9,
      "timestamp": 0.6,
      "transform_4x4": [
        [
          -0.11407199971263438,
          -0.9912870952329674,
          -0.06585949974108836,
          0.08385798668676388
        ],
        [
          0.8584798069154339,
          -0.13171899948217675,
          0.4956435476164836,
          0.5082385075601952
        ],
        [
          -0.4999999999999999,
          0.0,
          0.8660254037844386,
          0.0011774888474192918
        ],
        [
          0.0,
          0.0,
          0.0,
          1.0
        ]
      ],
      "interpolated": true,
      "smoothing": "gaussian_sigma1.0_linear_interp"
    },
    {
      "frame": 10,
      "timestamp": 0.7,
      "transform_4x4": [
        [
          -0.11407199971263438,
          -0.9912870952329674,
          -0.06585949974108836,
          0.08704384805066163
        ],
        [
          0.8584798069154339,
          -0.13171899948217675,
          0.4956435476164836,
          0.5169210235059283
        ],
        [
          -0.4999999999999999,
          0.0,
          0.8660254037844386,
          -0.009092306464917918
        ],
        [
          0.0,
          0.0,
          0.0,
          1.0
        ]
      ],
      "interpolated": true,
      "smoothing": "gaussian_sigma1.0_linear_interp"
    },
    {
      "frame": 12,
      "timestamp": 0.8,
      "transform_4x4": [
        [
          -0.11407199971263438,
          -0.9912870952329674,
          -0.06585949974108836,
          0.09022970941455939
        ],
        [
          0.8584798069154339,
          -0.13171899948217675,
          0.4956435476164836,
          0.5256035394516613
        ],
        [
          -0.4999999999999999,
          0.0,
          0.8660254037844386,
          -0.019362101777255128
        ],
        [
          0.0,
          0.0,
          0.0,
          1.0
        ]
      ],
      "interpolated": true,
      "smoothing": "gaussian_sigma1.0_linear_interp"
    },
    {
      "frame": 13,
      "timestamp": 0.9,
      "transform_4x4": [
        [
          -0.11407199971263438,
          -0.9912870952329674,
          -0.06585949974108836,
          0.09341557077845714
        ],
        [
          0.8584798069154339,
          -0.13171899948217675,
          0.4956435476164836,
          0.5342860553973944
        ],
        [
          -0.4999999999999999,
          0.0,
          0.8660254037844386,
          -0.029631897089592324
        ],
        [
          0.0,
          0.0,
          0.0,
          1.0
        ]
      ],
      "interpolated": true,
      "smoothing": "gaussian_sigma1.0_linear_interp"
    },
    {
      "frame": 15,
      "timestamp": 1.0,
      "transform_4x4": [
        [
          -0.11407199971263438,
          -0.9912870952329674,
          -0.06585949974108836,
          0.09660143214235489
        ],
        [
          0.8584798069154339,
          -0.13171899948217675,
          0.4956435476164836,
          0.5429685713431275
        ],
        [
          -0.4999999999999999,
          0.0,
          0.8660254037844386,
          -0.039901692401929534
        ],
        [
          0.0,
          0.0,
          0.0,
          1.0
        ]
      ],
      "interpolated": true,
      "smoothing": "gaussian_sigma1.0_linear_interp"
    },
    {
      "frame": 16,
      "timestamp": 1.1,
      "transform_4x4": [
        [
          -0.11407199971263438,
          -0.9912870952329674,
          -0.06585949974108836,
          0.09978729350625265
        ],
        [
          0.8584798069154339,
          -0.13171899948217675,
          0.4956435476164836,
          0.5516510872888605
        ],
        [
          -0.4999999999999999,
          0.0,
          0.8660254037844386,
          -0.05017148771426676
        ],
        [
          0.0,
          0.0,
          0.0,
          1.0
        ]
      ],
      "interpolated": true,
      "smoothing": "gaussian_sigma1.0_linear_interp"
    },
    {
      "frame": 18,
      "timestamp": 1.2,
      "transform_4x4": [
        [
          -0.11407199971263438,
          -0.9912870952329674,
          -0.06585949974108836,
          0.10297315487015041
        ],
        [
          0.8584798069154339,
          -0.13171899948217675,
          0.4956435476164836,
          0.5603336032345936
        ],
        [
          -0.4999999999999999,
          0.0,
          0.8660254037844386,
          -0.060441283026603954
        ],
        [
          0.0,
          0.0,
          0.0,
          1.0
        ]
      ],
      "interpolated": true,
      "smoothing": "gaussian_sigma1.0_linear_interp"
    },
    {
      "frame": 19,
      "timestamp": 1.3,
      "transform_4x4": [
        [
          -0.11407199971263438,
          -0.9912870952329674,
          -0.06585949974108836,
          0.1049237182882125
        ],
        [
          0.8584798069154339,
          -0.13171899948217675,
          0.4956435476164836,
          0.5656385235729777
        ],
        [
          -0.4999999999999999,
          0.0,
          0.8660254037844386,
          -0.06664794942944123
        ],
        [
          0.0,
          0.0,
          0.0,
          1.0
        ]
      ],
      "interpolated": true,
      "smoothing": "gaussian_sigma1.0_linear_interp"
    },
    {
      "frame": 21,
      "timestamp": 1.4,
      "transform_4x4": [
        [
          -0.11407199971263438,
          -0.9912870952329674,
          -0.06585949974108836,
          0.10687428170627458
        ],
        [
          0.8584798069154339,
          -0.13171899948217675,
          0.4956435476164836,
          0.5709434439113619
        ],
        [
          -0.4999999999999999,
          0.0,
          0.8660254037844386,
          -0.07285461583227852
        ],
        [
          0.0,
          0.0,
          0.0,
          1.0
        ]
      ],
      "interpolated": true,
      "smoothing": "gaussian_sigma1.0_linear_interp"
    },
    {
      "frame": 22,
      "timestamp": 1.5,
      "transform_4x4": [
        [
          -0.11407199971263438,
          -0.9912870952329674,
          -0.06585949974108836,
          0.10882484512433666
        ],
        [
          0.8584798069154339,
          -0.13171899948217675,
          0.4956435476164836,
          0.5762483642497461
        ],
        [
          -0.4999999999999999,
          0.0,
          0.8660254037844386,
          -0.0790612822351158
        ],
        [
          0.0,
          0.0,
          0.0,
          1.0
        ]
      ],
      "interpolated": true,
      "smoothing": "gaussian_sigma1.0_linear_interp"
    },
    {
      "frame": 24,
      "timestamp": 1.6,
      "transform_4x4": [
        [
          -0.11407199971263438,
          -0.9912870952329674,
          -0.06585949974108836,
          0.11077540854239874
        ],
        [
          0.8584798069154339,
          -0.13171899948217675,
          0.4956435476164836,
          0.5815532845881303
        ],
        [
          -0.4999999999999999,
          0.0,
          0.8660254037844386,
          -0.08526794863795309
        ],
        [
          0.0,
          0.0,
          0.0,
          1.0
        ]
      ],
      "interpolated": true,
      "smoothing": "gaussian_sigma1.0_linear_interp"
    },
    {
      "frame": 25,
      "timestamp": 1.7,
      "transform_4x4": [
        [
          -0.11407199971263438,
          -0.9912870952329674,
          -0.06585949974108836,
          0.11272597196046083
        ],
        [
          0.8584798069154339,
          -0.13171899948217675,
          0.4956435476164836,
          0.5868582049265144
        ],
        [
          -0.4999999999999999,
          0.0,
          0.8660254037844386,
          -0.09147461504079037
        ],
        [
          0.0,
          0.0,
          0.0,
          1.0
        ]
      ],
      "interpolated": true,
      "smoothing": "gaussian_sigma1.0_linear_interp"
    },
    {
      "frame": 27,
      "timestamp": 1.8,
      "transform_4x4": [
        [
          -0.08667624459890383,
          -0.9949788799247489,
          -0.050042553151522964,
          0.1146765353785229
        ],
        [
          0.861676986243819,
          -0.10008510630304596,
          0.4974894399623743,
          0.5921631252648986
        ],
        [
          -0.4999999999999999,
          0.0,
          0.8660254037844386,
          -0.09768128144362764
        ],
        [
          0.0,
          0.0,
          0.0,
          1.0
        ]
      ],
      "interpolated": true,
      "smoothing": "gaussian_sigma1.0_linear_interp"
    },
    {
      "frame": 28,
      "timestamp": 1.9,
      "transform_4x4": [
        [
          -0.08667624459890383,
          -0.9949788799247489,
          -0.050042553151522964,
          0.11662709879658499
        ],
        [
          0.861676986243819,
          -0.10008510630304596,
          0.4974894399623743,
          0.5974680456032827
        ],
        [
          -0.4999999999999999,
          0.0,
          0.8660254037844386,
          -0.10388794784646493
        ],
        [
          0.0,
          0.0,
          0.0,
          1.0
        ]
      ],
      "interpolated": true,
      "smoothing": "gaussian_sigma1.0_linear_interp"
    },
    {
      "frame": 30,
      "timestamp": 2.0,
      "transform_4x4": [
        [
          -0.08667624459890383,
          -0.9949788799247489,
          -0.050042553151522964,
          0.11857766221464708
        ],
        [
          0.861676986243819,
          -0.10008510630304596,
          0.4974894399623743,
          0.6027729659416668
        ],
        [
          -0.4999999999999999,
          0.0,
          0.8660254037844386,
          -0.11009461424930221
        ],
        [
          0.0,
          0.0,
          0.0,
          1.0
        ]
      ],
      "interpolated": true,
      "smoothing": "gaussian_sigma1.0_linear_interp"
    },
    {
      "frame": 31,
      "timestamp": 2.1,
      "transform_4x4": [
        [
          -0.08667624459890383,
          -0.9949788799247489,
          -0.050042553151522964,
          0.12052822563270915
        ],
        [
          0.861676986243819,
          -0.10008510630304596,
          0.4974894399623743,
          0.6080778862800511
        ],
        [
          -0.4999999999999999,
          0.0,
          0.8660254037844386,
          -0.11630128065213949
        ],
        [
          0.0,
          0.0,
          0.0,
          1.0
        ]
      ],
      "interpolated": true,
      "smoothing": "gaussian_sigma1.0_linear_interp"
    },
    {
      "frame": 33,
      "timestamp": 2.2,
      "transform_4x4": [
        [
          -0.08667624459890383,
          -0.9949788799247489,
          -0.050042553151522964,
          0.12247878905077124
        ],
        [
          0.861676986243819,
          -0.10008510630304596,
          0.4974894399623743,
          0.6133828066184353
        ],
        [
          -0.4999999999999999,
          0.0,
          0.8660254037844386,
          -0.12250794705497678
        ],
        [
          0.0,
          0.0,
          0.0,
          1.0
        ]
      ],
      "interpolated": true,
      "smoothing": "gaussian_sigma1.0_linear_interp"
    },
    {
      "frame": 34,
      "timestamp": 2.3,
      "transform_4x4": [
        [
          -0.08667624459890383,
          -0.9949788799247489,
          -0.050042553151522964,
          0.12442935246883333
        ],
        [
          0.861676986243819,
          -0.10008510630304596,
          0.4974894399623743,
          0.6186877269568194
        ],
        [
          -0.4999999999999999,
          0.0,
          0.8660254037844386,
          -0.12871461345781407
        ],
        [
          0.0,
          0.0,
          0.0,
          1.0
        ]
      ],
      "interpolated": true,
      "smoothing": "gaussian_sigma1.0_linear_interp"
    },
    {
      "frame": 36,
      "timestamp": 2.4,
      "transform_4x4": [
        [
          -0.08667624459890383,
          -0.9949788799247489,
          -0.050042553151522964,
          0.1263799158868954
        ],
        [
          0.861676986243819,
          -0.10008510630304596,
          0.4974894399623743,
          0.6239926472952035
        ],
        [
          -0.4999999999999999,
          0.0,
          0.8660254037844386,
          -0.13492127986065133
        ],
        [
          0.0,
          0.0,
          0.0,
          1.0
        ]
      ],
      "interpolated": true,
      "smoothing": "gaussian_sigma1.0_linear_interp"
    },
    {
      "frame": 37,
      "timestamp": 2.5,
      "transform_4x4": [
        [
          -0.08667624459890383,
          -0.9949788799247489,
          -0.050042553151522964,
          0.1267709206995386
        ],
        [
          0.861676986243819,
          -0.10008510630304596,
          0.4974894399623743,
          0.6252238991707788
        ],
        [
          -0.4999999999999999,
          0.0,
          0.8660254037844386,
          -0.13616945211717524
        ],
        [
          0.0,
          0.0,
          0.0,
          1.0
        ]
      ],
      "interpolated": true,
      "smoothing": "gaussian_sigma1.0_linear_interp"
    },
    {
      "frame": 39,
      "timestamp": 2.6,
      "transform_4x4": [
        [
          -0.08667624459890383,
          -0.9949788799247489,
          -0.050042553151522964,
          0.1271619255121818
        ],
        [
          0.861676986243819,
          -0.10008510630304596,
          0.4974894399623743,
          0.6264551510463542
        ],
        [
          -0.4999999999999999,
          0.0,
          0.8660254037844386,
          -0.13741762437369914
        ],
        [
          0.0,
          0.0,
          0.0,
          1.0
        ]
      ],
      "interpolated": true,
      "smoothing": "gaussian_sigma1.0_linear_interp"
    },
    {
      "frame": 40,
      "timestamp": 2.7,
      "transform_4x4": [
        [
          -0.08667624459890383,
          -0.9949788799247489,
          -0.050042553151522964,
          0.127552930324825
        ],
        [
          0.861676986243819,
          -0.10008510630304596,
          0.4974894399623743,
          0.6276864029219295
        ],
        [
          -0.4999999999999999,
          0.0,
          0.8660254037844386,
          -0.13866579663022302
        ],
        [
          0.0,
          0.0,
          0.0,
          1.0
        ]
      ],
      "interpolated": true,
      "smoothing": "gaussian_sigma1.0_linear_interp"
    },
    {
      "frame": 42,
      "timestamp": 2.8,
      "transform_4x4": [
        [
          -0.08667624459890383,
          -0.9949788799247489,
          -0.050042553151522964,
          0.1279439351374682
        ],
        [
          0.861676986243819,
          -0.10008510630304596,
          0.4974894399623743,
          0.6289176547975047
        ],
        [
          -0.4999999999999999,
          0.0,
          0.8660254037844386,
          -0.13991396888674693
        ],
        [
          0.0,
          0.0,
          0.0,
          1.0
        ]
      ],
      "interpolated": true,
      "smoothing": "gaussian_sigma1.0_linear_interp"
    },
    {
      "frame": 43,
      "timestamp": 2.9,
      "transform_4x4": [
        [
          -0.08667624459890383,
          -0.9949788799247489,
          -0.050042553151522964,
          0.12833493995011142
        ],
        [
          0.861676986243819,
          -0.10008510630304596,
          0.4974894399623743,
          0.6301489066730801
        ],
        [
          -0.4999999999999999,
          0.0,
          0.8660254037844386,
          -0.14116214114327083
        ],
        [
          0.0,
          0.0,
          0.0,
          1.0
        ]
      ],
      "interpolated": true,
      "smoothing": "gaussian_sigma1.0_linear_interp"
    },
    {
      "frame": 45,
      "timestamp": 3.0,
      "transform_4x4": [
        [
          -0.08667624459890383,
          -0.9949788799247489,
          -0.050042553151522964,
          0.12872594476275462
        ],
        [
          0.861676986243819,
          -0.10008510630304596,
          0.4974894399623743,
          0.6313801585486554
        ],
        [
          -0.4999999999999999,
          0.0,
          0.8660254037844386,
          -0.1424103133997947
        ],
        [
          0.0,
          0.0,
          0.0,
          1.0
        ]
      ],
      "interpolated": true,
      "smoothing": "gaussian_sigma1.0_linear_interp"
    },
    {
      "frame": 46,
      "timestamp": 3.1,
      "transform_4x4": [
        [
          -0.16648374704699723,
          -0.9813481624576071,
          -0.09611943617328139,
          0.12911694957539785
        ],
        [
          0.849872438645466,
          -0.19223887234656284,
          0.49067408122880346,
          0.6326114104242306
        ],
        [
          -0.4999999999999999,
          0.0,
          0.8660254037844386,
          -0.1436584856563186
        ],
        [
          0.0,
          0.0,
          0.0,
          1.0
        ]
      ],
      "interpolated": true,
      "smoothing": "gaussian_sigma1.0_linear_interp"
    },
    {
      "frame": 48,
      "timestamp": 3.2,
      "transform_4x4": [
        [
          -0.16648374704699723,
          -0.9813481624576071,
          -0.09611943617328139,
          0.12950795438804105
        ],
        [
          0.849872438645466,
          -0.19223887234656284,
          0.49067408122880346,
          0.633842662299806
        ],
        [
          -0.4999999999999999,
          0.0,
          0.8660254037844386,
          -0.14490665791284252
        ],
        [
          0.0,
          0.0,
          0.0,
          1.0
        ]
      ],
      "interpolated": true,
      "smoothing": "gaussian_sigma1.0_linear_interp"
    },
    {
      "frame": 49,
      "timestamp": 3.3,
      "transform_4x4": [
        [
          -0.16648374704699723,
          -0.9813481624576071,
          -0.09611943617328139,
          0.12989895920068426
        ],
        [
          0.849872438645466,
          -0.19223887234656284,
          0.49067408122880346,
          0.6350739141753813
        ],
        [
          -0.4999999999999999,
          0.0,
          0.8660254037844386,
          -0.14615483016936642
        ],
        [
          0.0,
          0.0,
          0.0,
          1.0
        ]
      ],
      "interpolated": true,
      "smoothing": "gaussian_sigma1.0_linear_interp"
    },
    {
      "frame": 51,
      "timestamp": 3.4,
      "transform_4x4": [
        [
          -0.16648374704699723,
          -0.9813481624576071,
          -0.09611943617328139,
          0.13028996401332746
        ],
        [
          0.849872438645466,
          -0.19223887234656284,
          0.49067408122880346,
          0.6363051660509565
        ],
        [
          -0.4999999999999999,
          0.0,
          0.8660254037844386,
          -0.14740300242589033
        ],
        [
          0.0,
          0.0,
          0.0,
          1.0
        ]
      ],
      "interpolated": true,
      "smoothing": "gaussian_sigma1.0_linear_interp"
    },
    {
      "frame": 52,
      "timestamp": 3.5,
      "transform_4x4": [
        [
          -0.16648374704699723,
          -0.9813481624576071,
          -0.09611943617328139,
          0.13068096882597066
        ],
        [
          0.849872438645466,
          -0.19223887234656284,
          0.49067408122880346,
          0.6375364179265319
        ],
        [
          -0.4999999999999999,
          0.0,
          0.8660254037844386,
          -0.1486511746824142
        ],
        [
          0.0,
          0.0,
          0.0,
          1.0
        ]
      ],
      "interpolated": true,
      "smoothing": "gaussian_sigma1.0_linear_interp"
    },
    {
      "frame": 54,
      "timestamp": 3.6,
      "transform_4x4": [
        [
          -0.16648374704699723,
          -0.9813481624576071,
          -0.09611943617328139,
          0.13107197363861386
        ],
        [
          0.849872438645466,
          -0.19223887234656284,
          0.49067408122880346,
          0.6387676698021072
        ],
        [
          -0.4999999999999999,
          0.0,
          0.8660254037844386,
          -0.1498993469389381
        ],
        [
          0.0,
          0.0,
          0.0,
          1.0
        ]
      ],
      "interpolated": true,
      "smoothing": "gaussian_sigma1.0_linear_interp"
    },
    {
      "frame": 55,
      "timestamp": 3.7,
      "transform_4x4": [
        [
          -0.16648374704699723,
          -0.9813481624576071,
          -0.09611943617328139,
          0.131128753535915
        ],
        [
          0.849872438645466,
          -0.19223887234656284,
          0.49067408122880346,
          0.6388041608260593
        ],
        [
          -0.4999999999999999,
          0.0,
          0.8660254037844386,
          -0.15009349374975786
        ],
        [
          0.0,
          0.0,
          0.0,
          1.0
        ]
      ],
      "interpolated": true,
      "smoothing": "gaussian_sigma1.0_linear_interp"
    },
    {
      "frame": 57,
      "timestamp": 3.8,
      "transform_4x4": [
        [
          -0.16648374704699723,
          -0.9813481624576071,
          -0.09611943617328139,
          0.13118553343321615
        ],
        [
          0.849872438645466,
          -0.19223887234656284,
          0.49067408122880346,
          0.6388406518500113
        ],
        [
          -0.4999999999999999,
          0.0,
          0.8660254037844386,
          -0.15028764056057758
        ],
        [
          0.0,
          0.0,
          0.0,
          1.0
        ]
      ],
      "interpolated": true,
      "smoothing": "gaussian_sigma1.0_linear_interp"
    },
    {
      "frame": 58,
      "timestamp": 3.9,
      "transform_4x4": [
        [
          -0.16648374704699723,
          -0.9813481624576071,
          -0.09611943617328139,
          0.13124231333051728
        ],
        [
          0.849872438645466,
          -0.19223887234656284,
          0.49067408122880346,
          0.6388771428739634
        ],
        [
          -0.4999999999999999,
          0.0,
          0.8660254037844386,
          -0.15048178737139734
        ],
        [
          0.0,
          0.0,
          0.0,
          1.0
        ]
      ],
      "interpolated": true,
      "smoothing": "gaussian_sigma1.0_linear_interp"
    },
    {
      "frame": 60,
      "timestamp": 4.0,
      "transform_4x4": [
        [
          -0.16648374704699723,
          -0.9813481624576071,
          -0.09611943617328139,
          0.13129909322781844
        ],
        [
          0.849872438645466,
          -0.19223887234656284,
          0.49067408122880346,
          0.6389136338979154
        ],
        [
          -0.4999999999999999,
          0.0,
          0.8660254037844386,
          -0.15067593418221706
        ],
        [
          0.0,
          0.0,
          0.0,
          1.0
        ]
      ],
      "interpolated": true,
      "smoothing": "gaussian_sigma1.0_linear_interp"
    },
    {
      "frame": 61,
      "timestamp": 4.1,
      "transform_4x4": [
        [
          -0.16648374704699723,
          -0.9813481624576071,
          -0.09611943617328139,
          0.13135587312511957
        ],
        [
          0.849872438645466,
          -0.19223887234656284,
          0.49067408122880346,
          0.6389501249218674
        ],
        [
          -0.4999999999999999,
          0.0,
          0.8660254037844386,
          -0.1508700809930368
        ],
        [
          0.0,
          0.0,
          0.0,
          1.0
        ]
      ],
      "interpolated": true,
      "smoothing": "gaussian_sigma1.0_linear_interp"
    },
    {
      "frame": 63,
      "timestamp": 4.2,
      "transform_4x4": [
        [
          -0.119396292819271,
          -0.9904507561449079,
          -0.06893348179944948,
          0.13141265302242072
        ],
        [
          0.8577555160189964,
          -0.137866963598899,
          0.4952253780724538,
          0.6389866159458195
        ],
        [
          -0.4999999999999999,
          0.0,
          0.8660254037844386,
          -0.15106422780385656
        ],
        [
          0.0,
          0.0,
          0.0,
          1.0
        ]
      ],
      "interpolated": true,
      "smoothing": "gaussian_sigma1.0_linear_interp"
    },
    {
      "frame": 64,
      "timestamp": 4.3,
      "transform_4x4": [
        [
          -0.119396292819271,
          -0.9904507561449079,
          -0.06893348179944948,
          0.13146943291972185
        ],
        [
          0.8577555160189964,
          -0.137866963598899,
          0.4952253780724538,
          0.6390231069697716
        ],
        [
          -0.4999999999999999,
          0.0,
          0.8660254037844386,
          -0.15125837461467628
        ],
        [
          0.0,
          0.0,
          0.0,
          1.0
        ]
      ],
      "interpolated": true,
      "smoothing": "gaussian_sigma1.0_linear_interp"
    },
    {
      "frame": 66,
      "timestamp": 4.4,
      "transform_4x4": [
        [
          -0.119396292819271,
          -0.9904507561449079,
          -0.06893348179944948,
          0.13152621281702298
        ],
        [
          0.8577555160189964,
          -0.137866963598899,
          0.4952253780724538,
          0.6390595979937236
        ],
        [
          -0.4999999999999999,
          0.0,
          0.8660254037844386,
          -0.15145252142549603
        ],
        [
          0.0,
          0.0,
          0.0,
          1.0
        ]
      ],
      "interpolated": true,
      "smoothing": "gaussian_sigma1.0_linear_interp"
    },
    {
      "frame": 67,
      "timestamp": 4.5,
      "transform_4x4": [
        [
          -0.119396292819271,
          -0.9904507561449079,
          -0.06893348179944948,
          0.13158299271432414
        ],
        [
          0.8577555160189964,
          -0.137866963598899,
          0.4952253780724538,
          0.6390960890176757
        ],
        [
          -0.4999999999999999,
          0.0,
          0.8660254037844386,
          -0.15164666823631576
        ],
        [
          0.0,
          0.0,
          0.0,
          1.0
        ]
      ],
      "interpolated": true,
      "smoothing": "gaussian_sigma1.0_linear_interp"
    },
    {
      "frame": 69,
      "timestamp": 4.6,
      "transform_4x4": [
        [
          -0.119396292819271,
          -0.9904507561449079,
          -0.06893348179944948,
          0.13163977261162527
        ],
        [
          0.8577555160189964,
          -0.137866963598899,
          0.4952253780724538,
          0.6391325800416278
        ],
        [
          -0.4999999999999999,
          0.0,
          0.8660254037844386,
          -0.1518408150471355
        ],
        [
          0.0,
          0.0,
          0.0,
          1.0
        ]
      ],
      "interpolated": true,
      "smoothing": "gaussian_sigma1.0_linear_interp"
    },
    {
      "frame": 70,
      "timestamp": 4.7,
      "transform_4x4": [
        [
          -0.119396292819271,
          -0.9904507561449079,
          -0.06893348179944948,
          0.13169655250892642
        ],
        [
          0.8577555160189964,
          -0.137866963598899,
          0.4952253780724538,
          0.6391690710655797
        ],
        [
          -0.4999999999999999,
          0.0,
          0.8660254037844386,
          -0.15203496185795523
        ],
        [
          0.0,
          0.0,
          0.0,
          1.0
        ]
      ],
      "interpolated": true,
      "smoothing": "gaussian_sigma1.0_linear_interp"
    },
    {
      "frame": 72,
      "timestamp": 4.8,
      "transform_4x4": [
        [
          -0.119396292819271,
          -0.9904507561449079,
          -0.06893348179944948,
          0.13175333240622755
        ],
        [
          0.8577555160189964,
          -0.137866963598899,
          0.4952253780724538,
          0.6392055620895318
        ],
        [
          -0.4999999999999999,
          0.0,
          0.8660254037844386,
          -0.15222910866877498
        ],
        [
          0.0,
          0.0,
          0.0,
          1.0
        ]
      ],
      "interpolated": true,
      "smoothing": "gaussian_sigma1.0_linear_interp"
    },
    {
      "frame": 73,
      "timestamp": 4.9,
      "transform_4x4": [
        [
          -0.119396292819271,
          -0.9904507561449079,
          -0.06893348179944948,
          0.13183706403158443
        ],
        [
          0.8577555160189964,
          -0.137866963598899,
          0.4952253780724538,
          0.6391276792047684
        ],
        [
          -0.4999999999999999,
          0.0,
          0.8660254037844386,
          -0.15244559723037918
        ],
        [
          0.0,
          0.0,
          0.0,
          1.0
        ]
      ],
      "interpolated": true,
      "smoothing": "gaussian_sigma1.0_linear_interp"
    },
    {
      "frame": 75,
      "timestamp": 5.0,
      "transform_4x4": [
        [
          -0.119396292819271,
          -0.9904507561449079,
          -0.06893348179944948,
          0.13192079565694134
        ],
        [
          0.8577555160189964,
          -0.137866963598899,
          0.4952253780724538,
          0.639049796320005
        ],
        [
          -0.4999999999999999,
          0.0,
          0.8660254037844386,
          -0.1526620857919834
        ],
        [
          0.0,
          0.0,
          0.0,
          1.0
        ]
      ],
      "interpolated": true,
      "smoothing": "gaussian_sigma1.0_linear_interp"
    },
    {
      "frame": 76,
      "timestamp": 5.1,
      "transform_4x4": [
        [
          -0.119396292819271,
          -0.9904507561449079,
          -0.06893348179944948,
          0.13200452728229822
        ],
        [
          0.8577555160189964,
          -0.137866963598899,
          0.4952253780724538,
          0.6389719134352416
        ],
        [
          -0.4999999999999999,
          0.0,
          0.8660254037844386,
          -0.1528785743535876
        ],
        [
          0.0,
          0.0,
          0.0,
          1.0
        ]
      ],
      "interpolated": true,
      "smoothing": "gaussian_sigma1.0_linear_interp"
    },
    {
      "frame": 78,
      "timestamp": 5.2,
      "transform_4x4": [
        [
          -0.119396292819271,
          -0.9904507561449079,
          -0.06893348179944948,
          0.1320882589076551
        ],
        [
          0.8577555160189964,
          -0.137866963598899,
          0.4952253780724538,
          0.6388940305504783
        ],
        [
          -0.4999999999999999,
          0.0,
          0.8660254037844386,
          -0.1530950629151918
        ],
        [
          0.0,
          0.0,
          0.0,
          1.0
        ]
      ],
      "interpolated": true,
      "smoothing": "gaussian_sigma1.0_linear_interp"
    },
    {
      "frame": 79,
      "timestamp": 5.3,
      "transform_4x4": [
        [
          -0.119396292819271,
          -0.9904507561449079,
          -0.06893348179944948,
          0.132171990533012
        ],
        [
          0.8577555160189964,
          -0.137866963598899,
          0.4952253780724538,
          0.6388161476657149
        ],
        [
          -0.4999999999999999,
          0.0,
          0.8660254037844386,
          -0.153311551476796
        ],
        [
          0.0,
          0.0,
          0.0,
          1.0
        ]
      ],
      "interpolated": true,
      "smoothing": "gaussian_sigma1.0_linear_interp"
    },
    {
      "frame": 81,
      "timestamp": 5.4,
      "transform_4x4": [
        [
          -0.09982549196429333,
          -0.9933343654272624,
          -0.057634274657571566,
          0.1322557221583689
        ],
        [
          0.860252794912104,
          -0.11526854931514316,
          0.4966671827136311,
          0.6387382647809515
        ],
        [
          -0.4999999999999999,
          0.0,
          0.8660254037844386,
          -0.1535280400384002
        ],
        [
          0.0,
          0.0,
          0.0,
          1.0
        ]
      ],
      "interpolated": true,
      "smoothing": "gaussian_sigma1.0_linear_interp"
    },
    {
      "frame": 82,
      "timestamp": 5.5,
      "transform_4x4": [
        [
          -0.09982549196429333,
          -0.9933343654272624,
          -0.057634274657571566,
          0.13233945378372577
        ],
        [
          0.860252794912104,
          -0.11526854931514316,
          0.4966671827136311,
          0.6386603818961881
        ],
        [
          -0.4999999999999999,
          0.0,
          0.8660254037844386,
          -0.1537445286000044
        ],
        [
          0.0,
          0.0,
          0.0,
          1.0
        ]
      ],
      "interpolated": true,
      "smoothing": "gaussian_sigma1.0_linear_interp"
    },
    {
      "frame": 84,
      "timestamp": 5.6,
      "transform_4x4": [
        [
          -0.09982549196429333,
          -0.9933343654272624,
          -0.057634274657571566,
          0.13242318540908268
        ],
        [
          0.860252794912104,
          -0.11526854931514316,
          0.4966671827136311,
          0.6385824990114247
        ],
        [
          -0.4999999999999999,
          0.0,
          0.8660254037844386,
          -0.15396101716160862
        ],
        [
          0.0,
          0.0,
          0.0,
          1.0
        ]
      ],
      "interpolated": true,
      "smoothing": "gaussian_sigma1.0_linear_interp"
    },
    {
      "frame": 85,
      "timestamp": 5.7,
      "transform_4x4": [
        [
          -0.09982549196429333,
          -0.9933343654272624,
          -0.057634274657571566,
          0.13250691703443956
        ],
        [
          0.860252794912104,
          -0.11526854931514316,
          0.4966671827136311,
          0.6385046161266613
        ],
        [
          -0.4999999999999999,
          0.0,
          0.8660254037844386,
          -0.15417750572321282
        ],
        [
          0.0,
          0.0,
          0.0,
          1.0
        ]
      ],
      "interpolated": true,
      "smoothing": "gaussian_sigma1.0_linear_interp"
    },
    {
      "frame": 87,
      "timestamp": 5.8,
      "transform_4x4": [
        [
          -0.09982549196429333,
          -0.9933343654272624,
          -0.057634274657571566,
          0.13259064865979645
        ],
        [
          0.860252794912104,
          -0.11526854931514316,
          0.4966671827136311,
          0.638426733241898
        ],
        [
          -0.4999999999999999,
          0.0,
          0.8660254037844386,
          -0.154393994284817
        ],
        [
          0.0,
          0.0,
          0.0,
          1.0
        ]
      ],
      "interpolated": true,
      "smoothing": "gaussian_sigma1.0_linear_interp"
    },
    {
      "frame": 88,
      "timestamp": 5.9,
      "transform_4x4": [
        [
          -0.09982549196429333,
          -0.9933343654272624,
          -0.057634274657571566,
          0.13267438028515335
        ],
        [
          0.860252794912104,
          -0.11526854931514316,
          0.4966671827136311,
          0.6383488503571346
        ],
        [
          -0.4999999999999999,
          0.0,
          0.8660254037844386,
          -0.15461048284642123
        ],
        [
          0.0,
          0.0,
          0.0,
          1.0
        ]
      ],
