{
  "object": "pipette",
  "sequence": "grasp_pipette_press__2026_0701_0028_11",
  "num_frames": 63,
  "fps": 15.0,
  "method": "DLT triangulation + mesh silhouette yaw + Kalman filter",
  "trajectory": [
    {
      "frame": 0,
      "timestamp": 0.0,
      "transform_4x4": [
        [
          0.766044443118978,
          0.0,
          -0.6427876096865393,
          0.01636075124676013
        ],
        [
          0.0,
          1.0,
          0.0,
          0.24305329255696909
        ],
        [
          0.6427876096865393,
          0.0,
          0.766044443118978,
          0.18344622535657534
        ],
        [
          0.0,
          0.0,
          0.0,
          1.0
        ]
      ]
    },
    {
      "frame": 5,
      "timestamp": 0.3333333333333333,
      "transform_4x4": [
        [
          0.7790027088076623,
          0.0,
          0.627020557613803,
          0.13661557490476797
        ],
        [
          0.0,
          1.0,
          0.0,
          0.618503452854718
        ],
        [
          -0.627020557613803,
          0.0,
          0.7790027088076623,
          -0.15671665029232196
        ],
        [
          0.0,
          0.0,
          0.0,
          1.0
        ]
      ]
    },
    {
      "frame": 10,
      "timestamp": 0.6666666666666666,
      "transform_4x4": [
        [
          -0.9391280574771818,
          0.0,
          0.3435673029540722,
          0.13672999282343862
        ],
        [
          0.0,
          1.0,
          0.0,
          0.6363352022211048
        ],
        [
          -0.3435673029540722,
          0.0,
          -0.9391280574771818,
          -0.16304361822229396
        ],
        [
          0.0,
          0.0,
          0.0,
          1.0
        ]
      ]
    },
    {
      "frame": 15,
      "timestamp": 1.0,
      "transform_4x4": [
        [
          -0.9773396636392492,
          0.0,
          -0.21167706979623271,
          0.1310437543982097
        ],
        [
          0.0,
          1.0,
          0.0,
          0.6414676263522924
        ],
        [
          0.21167706979623271,
          0.0,
          -0.9773396636392492,
          -0.1516421083396894
        ],
        [
          0.0,
          0.0,
          0.0,
          1.0
        ]
      ]
    },
    {
      "frame": 20,
      "timestamp": 1.3333333333333333,
      "transform_4x4": [
        [
          -0.9981321361002047,
          0.0,
          -0.06109205254403,
          0.13009118465348105
        ],
        [
          0.0,
          1.0,
          0.0,
          0.6400442856687565
        ],
        [
          0.06109205254403,
          0.0,
          -0.9981321361002047,
          -0.15046424553736712
        ],
        [
          0.0,
          0.0,
          0.0,
          1.0
        ]
      ]
    },
    {
      "frame": 25,
      "timestamp": 1.6666666666666667,
      "transform_4x4": [
        [
          -0.9999730272634446,
          0.0,
          0.007344708679192407,
          0.12998329482739285
        ],
        [
          0.0,
          1.0,
          0.0,
          0.6400705454571839
        ],
        [
          -0.007344708679192407,
          0.0,
          -0.9999730272634446,
          -0.14987899390116421
        ],
        [
          0.0,
          0.0,
          0.0,
          1.0
        ]
      ]
    },
    {
      "frame": 30,
      "timestamp": 2.0,
      "transform_4x4": [
        [
          -0.9592836294439931,
          0.0,
          -0.28244454018578535,
          0.13436330908243974
        ],
        [
          0.0,
          1.0,
          0.0,
          0.6333772415463195
        ],
        [
          0.28244454018578535,
          0.0,
          -0.9592836294439931,
          -0.1630303520172342
        ],
        [
          0.0,
          0.0,
          0.0,
          1.0
        ]
      ]
    },
    {
      "frame": 35,
      "timestamp": 2.3333333333333335,
      "transform_4x4": [
        [
          -0.9578851525549855,
          0.0,
          -0.28715158804142477,
          0.130853893719026
        ],
        [
          0.0,
          1.0,
          0.0,
          0.6391003091917212
        ],
        [
          0.28715158804142477,
          0.0,
          -0.9578851525549855,
          -0.15183882447138658
        ],
        [
          0.0,
          0.0,
          0.0,
          1.0
        ]
      ]
    },
    {
      "frame": 40,
      "timestamp": 2.6666666666666665,
      "transform_4x4": [
        [
          -0.9768239621674796,
          0.0,
          -0.21404426396291598,
          0.1302167938923324
        ],
        [
          0.0,
          1.0,
          0.0,
          0.6388261379771638
        ],
        [
          0.21404426396291598,
          0.0,
          -0.9768239621674796,
          -0.1512044768155324
        ],
        [
          0.0,
          0.0,
          0.0,
          1.0
        ]
      ]
    },
    {
      "frame": 45,
      "timestamp": 3.0,
      "transform_4x4": [
        [
          -0.9985097169867025,
          0.0,
          -0.05457421628512097,
          0.13009670727953784
        ],
        [
          0.0,
          1.0,
          0.0,
          0.6396099895996592
        ],
        [
          0.05457421628512097,
          0.0,
          -0.9985097169867025,
          -0.15067726443646073
        ],
        [
          0.0,
          0.0,
          0.0,
          1.0
        ]
      ]
    },
    {
      "frame": 50,
      "timestamp": 3.3333333333333335,
      "transform_4x4": [
        [
          -0.9979302076841877,
          0.0,
          0.06430630289010478,
          0.13009864869105467
        ],
        [
          0.0,
          1.0,
          0.0,
          0.6397628027671558
        ],
        [
          -0.06430630289010478,
          0.0,
          -0.9979302076841877,
          -0.15015828248762958
        ],
        [
          0.0,
          0.0,
          0.0,
          1.0
        ]
      ]
    },
    {
      "frame": 55,
      "timestamp": 3.6666666666666665,
      "transform_4x4": [
        [
          -0.9763894657643195,
          0.0,
          -0.2160176176714917,
          0.13033510845034416
        ],
        [
          0.0,
          1.0,
          0.0,
          0.6382301136492404
        ],
        [
          0.2160176176714917,
          0.0,
          -0.9763894657643195,
          -0.15127338600846948
        ],
        [
          0.0,
          0.0,
          0.0,
          1.0
        ]
      ]
    },
    {
      "frame": 60,
      "timestamp": 4.0,
      "transform_4x4": [
        [
          -0.9996496644440289,
          0.0,
          0.02646787443185334,
          0.13029932255632165
        ],
        [
          0.0,
          1.0,
          0.0,
          0.6384333907259986
        ],
        [
          -0.02646787443185334,
          0.0,
          -0.9996496644440289,
          -0.15191743323470686
        ],
        [
          0.0,
          0.0,
          0.0,
          1.0
        ]
      ]
    },
    {
      "frame": 65,
      "timestamp": 4.333333333333333,
      "transform_4x4": [
        [
          -0.9996638727971077,
          0.0,
          -0.025925690430306184,
          0.13036512010703633
        ],
        [
          0.0,
          1.0,
          0.0,
          0.6371076312420054
        ],
        [
          0.025925690430306184,
          0.0,
          -0.9996638727971077,
          -0.1538620607069419
        ],
        [
          0.0,
          0.0,
          0.0,
          1.0
        ]
      ]
    },
    {
      "frame": 70,
      "timestamp": 4.666666666666667,
      "transform_4x4": [
        [
          -0.9363460020355581,
          0.0,
          -0.3510785730744995,
          0.1317975596006566
        ],
        [
          0.0,
          1.0,
          0.0,
          0.6449824135382399
        ],
        [
          0.3510785730744995,
          0.0,
          -0.9363460020355581,
          -0.14672707199538357
        ],
        [
          0.0,
          0.0,
          0.0,
          1.0
        ]
      ]
    },
    {
      "frame": 75,
      "timestamp": 5.0,
      "transform_4x4": [
        [
          -0.9912703836156842,
          0.0,
          -0.1318447062510068,
          0.13511130383560338
        ],
        [
          0.0,
          1.0,
          0.0,
          0.6427176557962568
        ],
        [
          0.1318447062510068,
          0.0,
          -0.9912703836156842,
          -0.1550204290245505
        ],
        [
          0.0,
          0.0,
          0.0,
          1.0
        ]
      ]
    },
    {
      "frame": 80,
      "timestamp": 5.333333333333333,
      "transform_4x4": [
        [
          -0.9277264323959188,
          0.0,
          -0.37326085601619235,
          0.13217557568740376
        ],
        [
          0.0,
          1.0,
          0.0,
          0.6456500436876801
        ],
        [
          0.37326085601619235,
          0.0,
          -0.9277264323959188,
          -0.14708304418442966
        ],
        [
          0.0,
          0.0,
          0.0,
          1.0
        ]
      ]
    },
    {
      "frame": 85,
      "timestamp": 5.666666666666667,
      "transform_4x4": [
        [
          -0.9911798538374862,
          0.0,
          -0.13252357279631277,
          0.13042887511442333
        ],
        [
          0.0,
          1.0,
          0.0,
          0.6378749795987811
        ],
        [
          0.13252357279631277,
          0.0,
          -0.9911798538374862,
          -0.1527466288660707
        ],
        [
          0.0,
          0.0,
          0.0,
          1.0
        ]
      ]
    },
    {
      "frame": 90,
      "timestamp": 6.0,
      "transform_4x4": [
        [
          -0.9983969905676098,
          0.0,
          -0.056599021418573675,
          0.13045132469965787
        ],
        [
          0.0,
          1.0,
          0.0,
          0.6404049282810935
        ],
        [
          0.056599021418573675,
          0.0,
          -0.9983969905676098,
          -0.1492952356147101
        ],
        [
          0.0,
          0.0,
          0.0,
          1.0
        ]
      ]
    },
    {
      "frame": 95,
      "timestamp": 6.333333333333333,
      "transform_4x4": [
        [
          -0.9954124948901029,
          0.0,
          0.09567635557785861,
          0.13059073367443783
        ],
        [
          0.0,
          1.0,
          0.0,
          0.6391882541382476
        ],
        [
          -0.09567635557785861,
          0.0,
          -0.9954124948901029,
          -0.1500690127698134
        ],
        [
          0.0,
          0.0,
          0.0,
          1.0
        ]
      ]
    },
    {
      "frame": 100,
      "timestamp": 6.666666666666667,
      "transform_4x4": [
        [
          -0.9935501474298088,
          0.0,
          -0.11339358245599722,
          0.13050255310548528
        ],
        [
          0.0,
          1.0,
          0.0,
          0.6389626082712317
        ],
        [
          0.11339358245599722,
          0.0,
          -0.9935501474298088,
          -0.15040127221923263
        ],
        [
          0.0,
          0.0,
          0.0,
          1.0
        ]
      ]
    },
    {
      "frame": 105,
      "timestamp": 7.0,
      "transform_4x4": [
        [
          -0.9849020044054033,
          0.0,
          -0.17311280056142264,
          0.13009493527614788
        ],
        [
          0.0,
          1.0,
          0.0,
          0.6400676246138493
        ],
        [
          0.17311280056142264,
          0.0,
          -0.9849020044054033,
          -0.14991230214105392
        ],
        [
          0.0,
          0.0,
          0.0,
          1.0
        ]
      ]
    },
    {
      "frame": 110,
      "timestamp": 7.333333333333333,
      "transform_4x4": [
        [
          -0.9978498372030804,
          0.0,
          0.06554160811107626,
          0.13017064684898297
        ],
        [
          0.0,
          1.0,
          0.0,
          0.6397067117781977
        ],
        [
          -0.06554160811107626,
          0.0,
          -0.9978498372030804,
          -0.14972340158146258
        ],
        [
          0.0,
          0.0,
          0.0,
          1.0
        ]
      ]
    },
    {
      "frame": 115,
      "timestamp": 7.666666666666667,
      "transform_4x4": [
        [
          -0.9834502645515764,
          0.0,
          -0.1811783021044034,
          0.12981462153475135
        ],
        [
          0.0,
          1.0,
          0.0,
          0.6396039872426399
        ],
        [
          0.1811783021044034,
          0.0,
          -0.9834502645515764,
          -0.15005915789465782
        ],
        [
          0.0,
          0.0,
          0.0,
          1.0
        ]
      ]
    },
    {
      "frame": 120,
      "timestamp": 8.0,
      "transform_4x4": [
        [
          -0.9980541355853414,
          0.0,
          -0.062353367519300935,
          0.12996003707180623
        ],
        [
          0.0,
          1.0,
          0.0,
          0.6403609002426667
        ],
        [
          0.062353367519300935,
          0.0,
          -0.9980541355853414,
          -0.14980239996814373
        ],
        [
          0.0,
          0.0,
          0.0,
          1.0
        ]
      ]
    },
    {
      "frame": 125,
      "timestamp": 8.333333333333334,
      "transform_4x4": [
        [
          -0.9882080963157204,
          0.0,
          -0.15311681284581338,
          0.13007405926752663
        ],
        [
          0.0,
          1.0,
          0.0,
          0.6392986104326083
        ],
        [
          0.15311681284581338,
          0.0,
          -0.9882080963157204,
          -0.1514135681451774
        ],
        [
          0.0,
          0.0,
          0.0,
          1.0
        ]
      ]
    },
    {
      "frame": 130,
      "timestamp": 8.666666666666666,
      "transform_4x4": [
        [
          -0.9971148795912392,
          0.0,
          0.0759072914662913,
          0.1300540849503472
        ],
        [
          0.0,
          1.0,
          0.0,
          0.6390021668463254
        ],
        [
          -0.0759072914662913,
          0.0,
          -0.9971148795912392,
          -0.150637175621337
        ],
        [
          0.0,
          0.0,
          0.0,
          1.0
        ]
      ]
    },
    {
      "frame": 135,
      "timestamp": 9.0,
      "transform_4x4": [
        [
          -0.9967564882873371,
          0.0,
          0.08047672369757329,
          0.130070490765903
        ],
        [
          0.0,
          1.0,
          0.0,
          0.6395106064676267
        ],
        [
          -0.08047672369757329,
          0.0,
          -0.9967564882873371,
          -0.15054634242777287
        ],
        [
          0.0,
          0.0,
          0.0,
          1.0
        ]
      ]
    },
    {
      "frame": 140,
      "timestamp": 9.333333333333334,
      "transform_4x4": [
        [
          -0.9940185036137522,
          0.0,
          -0.10921178724605186,
          0.13035705434875275
        ],
        [
          0.0,
          1.0,
          0.0,
          0.6392297848401596
        ],
        [
          0.10921178724605186,
          0.0,
          -0.9940185036137522,
          -0.1503144592023386
        ],
        [
          0.0,
          0.0,
          0.0,
          1.0
        ]
      ]
    },
    {
      "frame": 145,
      "timestamp": 9.666666666666666,
      "transform_4x4": [
        [
          -0.9864319504714442,
          0.0,
          -0.1641706645204992,
          0.1304540448539924
        ],
        [
          0.0,
          1.0,
          0.0,
          0.6397406907217766
        ],
        [
          0.1641706645204992,
          0.0,
          -0.9864319504714442,
          -0.1495277666988314
        ],
        [
          0.0,
          0.0,
          0.0,
          1.0
        ]
      ]
    },
    {
      "frame": 150,
      "timestamp": 10.0,
      "transform_4x4": [
        [
          -0.9971801758292277,
          0.0,
          0.07504463294060827,
          0.13052608204941848
        ],
        [
          0.0,
          1.0,
          0.0,
          0.6384177685250164
        ],
        [
          -0.07504463294060827,
          0.0,
          -0.9971801758292277,
          -0.1508385524637804
        ],
        [
          0.0,
          0.0,
          0.0,
          1.0
        ]
      ]
    },
    {
      "frame": 155,
      "timestamp": 10.333333333333334,
      "transform_4x4": [
        [
          -0.9720661991068854,
          0.0,
          -0.23470684811886716,
          0.1352240548565876
        ],
        [
          0.0,
          1.0,
          0.0,
          0.6324035001890078
        ],
        [
          0.23470684811886716,
          0.0,
          -0.9720661991068854,
          -0.16435603292886947
        ],
        [
          0.0,
          0.0,
          0.0,
          1.0
        ]
      ]
    },
    {
      "frame": 160,
      "timestamp": 10.666666666666666,
      "transform_4x4": [
        [
          -0.9984922865932402,
          0.0,
          0.05489219993589811,
          0.13604877757103362
        ],
        [
          0.0,
          1.0,
          0.0,
          0.63602484713293
        ],
        [
          -0.05489219993589811,
          0.0,
          -0.9984922865932402,
          -0.1621274015552285
        ],
        [
          0.0,
          0.0,
          0.0,
          1.0
        ]
      ]
    },
    {
      "frame": 165,
      "timestamp": 11.0,
      "transform_4x4": [
        [
          -0.9935073942261592,
          0.0,
          -0.11376755960267007,
          0.13637315025495494
        ],
        [
          0.0,
          1.0,
          0.0,
          0.6368768371442675
        ],
        [
          0.11376755960267007,
          0.0,
          -0.9935073942261592,
          -0.16195944632769793
        ],
        [
          0.0,
          0.0,
          0.0,
          1.0
        ]
      ]
    },
    {
      "frame": 170,
      "timestamp": 11.333333333333334,
      "transform_4x4": [
        [
          -0.9993604748193069,
          0.0,
          -0.03575809515242063,
          0.1362384149211668
        ],
        [
          0.0,
          1.0,
          0.0,
          0.6375268633782797
        ],
        [
          0.03575809515242063,
          0.0,
          -0.9993604748193069,
          -0.16125049321079066
        ],
        [
          0.0,
          0.0,
          0.0,
          1.0
        ]
      ]
    },
    {
      "frame": 175,
      "timestamp": 11.666666666666666,
      "transform_4x4": [
        [
          -0.9986686470333527,
          0.0,
          0.051584236279825585,
          0.136438719063274
        ],
        [
          0.0,
          1.0,
          0.0,
          0.63651949815674
        ],
        [
          -0.051584236279825585,
          0.0,
          -0.9986686470333527,
          -0.16212406199275223
        ],
        [
          0.0,
          0.0,
          0.0,
          1.0
        ]
      ]
    },
    {
      "frame": 180,
      "timestamp": 12.0,
      "transform_4x4": [
        [
          -0.9934943896165884,
          0.0,
          -0.11388106866535119,
          0.13638153428639066
        ],
        [
          0.0,
          1.0,
          0.0,
          0.6359829381149119
        ],
        [
          0.11388106866535119,
          0.0,
          -0.9934943896165884,
          -0.16311420323854325
        ],
        [
          0.0,
          0.0,
          0.0,
          1.0
        ]
      ]
    },
    {
      "frame": 185,
      "timestamp": 12.333333333333334,
      "transform_4x4": [
        [
          -0.9995834118679929,
          0.0,
          0.02886178647177568,
          0.13599801294426664
        ],
        [
          0.0,
          1.0,
          0.0,
          0.6358382864577837
        ],
        [
          -0.02886178647177568,
          0.0,
          -0.9995834118679929,
          -0.16367355828063798
        ],
        [
          0.0,
          0.0,
          0.0,
          1.0
        ]
      ]
    },
    {
      "frame": 190,
      "timestamp": 12.666666666666666,
      "transform_4x4": [
        [
          -0.9974596267393446,
          0.0,
          0.0712340720793587,
          0.13588512692064414
        ],
        [
          0.0,
          1.0,
          0.0,
          0.6359960604912445
        ],
        [
          -0.0712340720793587,
          0.0,
          -0.9974596267393446,
          -0.16331718380379495
        ],
        [
          0.0,
          0.0,
          0.0,
          1.0
        ]
      ]
    },
    {
      "frame": 195,
      "timestamp": 13.0,
      "transform_4x4": [
        [
          -0.9941880202929387,
          0.0,
          -0.10765769970609244,
          0.13537764480132572
        ],
        [
          0.0,
          1.0,
          0.0,
          0.6370883536058604
        ],
        [
          0.10765769970609244,
          0.0,
          -0.9941880202929387,
          -0.16136628562004876
        ],
        [
          0.0,
          0.0,
          0.0,
          1.0
        ]
      ]
    },
    {
      "frame": 200,
      "timestamp": 13.333333333333334,
      "transform_4x4": [
        [
          -0.9994621599096302,
          0.0,
          -0.032793153382631064,
          0.13507660855961523
        ],
        [
          0.0,
          1.0,
          0.0,
          0.6391031208219345
        ],
        [
          0.032793153382631064,
          0.0,
          -0.9994621599096302,
          -0.15791376727173465
        ],
        [
          0.0,
          0.0,
          0.0,
          1.0
        ]
      ]
    },
    {
      "frame": 205,
      "timestamp": 13.666666666666666,
      "transform_4x4": [
        [
          -0.9931171700666862,
          0.0,
          0.11712508919414588,
          0.13059072106112032
        ],
        [
          0.0,
          1.0,
          0.0,
          0.6387149987592905
        ],
        [
          -0.11712508919414588,
          0.0,
          -0.9931171700666862,
          -0.15086890649996074
        ],
        [
          0.0,
          0.0,
          0.0,
          1.0
        ]
      ]
    },
    {
      "frame": 210,
      "timestamp": 14.0,
      "transform_4x4": [
        [
          -0.995597106514153,
          0.0,
          -0.09373580692908251,
          0.129815049044305
        ],
        [
          0.0,
          1.0,
          0.0,
          0.6390214544037265
        ],
        [
          0.09373580692908251,
          0.0,
          -0.995597106514153,
          -0.1499382688112742
        ],
        [
          0.0,
          0.0,
          0.0,
          1.0
        ]
      ]
    },
    {
      "frame": 215,
      "timestamp": 14.333333333333334,
      "transform_4x4": [
        [
          -0.9993703623737433,
          0.0,
          0.03548068219430011,
          0.1300935475800203
        ],
        [
          0.0,
          1.0,
          0.0,
          0.6394732143383023
        ],
        [
          -0.03548068219430011,
          0.0,
          -0.9993703623737433,
          -0.14987979057798678
        ],
        [
          0.0,
          0.0,
          0.0,
          1.0
        ]
      ]
    },
    {
      "frame": 220,
      "timestamp": 14.666666666666666,
      "transform_4x4": [
        [
          -0.9930632219806699,
          0.0,
          -0.11758161909657001,
          0.13041519999130016
        ],
        [
          0.0,
          1.0,
          0.0,
          0.6401026971038425
        ],
        [
          0.11758161909657001,
          0.0,
          -0.9930632219806699,
          -0.14894575151953252
        ],
        [
          0.0,
          0.0,
          0.0,
          1.0
        ]
      ]
    },
    {
      "frame": 225,
      "timestamp": 15.0,
      "transform_4x4": [
        [
          -0.9993817118515314,
          0.0,
          -0.03515955086036652,
          0.1300929791120383
        ],
        [
          0.0,
          1.0,
          0.0,
          0.6381289958025871
        ],
        [
          0.03515955086036652,
          0.0,
          -0.9993817118515314,
          -0.1514845229473714
        ],
        [
          0.0,
          0.0,
          0.0,
          1.0
        ]
      ]
    },
    {
      "frame": 230,
      "timestamp": 15.333333333333334,
      "transform_4x4": [
        [
          -0.9931359557055144,
          0.0,
          0.11696569362379149,
          0.13050467812657254
        ],
        [
          0.0,
          1.0,
          0.0,
          0.638999967622951
        ],
        [
          -0.11696569362379149,
          0.0,
          -0.9931359557055144,
          -0.15001688754142786
        ],
        [
          0.0,
          0.0,
          0.0,
          1.0
        ]
      ]
    },
    {
      "frame": 235,
      "timestamp": 15.666666666666666,
      "transform_4x4": [
        [
          -0.9956386694990992,
          0.0,
          -0.09329329985622509,
          0.13035051944677487
        ],
        [
          0.0,
          1.0,
          0.0,
          0.6390780607316289
        ],
        [
          0.09329329985622509,
          0.0,
          -0.9956386694990992,
          -0.15002032215466102
        ],
        [
          0.0,
          0.0,
          0.0,
          1.0
        ]
      ]
    },
    {
      "frame": 240,
      "timestamp": 16.0,
      "transform_4x4": [
        [
          -0.9996129994582221,
          0.0,
          -0.027818183156640516,
          0.13045708646135798
        ],
        [
          0.0,
          1.0,
          0.0,
          0.6407080423756564
        ],
        [
          0.027818183156640516,
          0.0,
          -0.9996129994582221,
          -0.14875425336287865
        ],
        [
          0.0,
          0.0,
          0.0,
          1.0
        ]
      ]
    },
    {
      "frame": 245,
      "timestamp": 16.333333333333332,
      "transform_4x4": [
        [
          -0.9928701802891853,
          0.0,
          0.11920069250017223,
          0.1303683170651774
        ],
        [
          0.0,
          1.0,
          0.0,
          0.6387988184356195
        ],
        [
          -0.11920069250017223,
          0.0,
          -0.9928701802891853,
          -0.15114943641564366
        ],
        [
          0.0,
          0.0,
          0.0,
          1.0
        ]
      ]
    },
    {
      "frame": 250,
      "timestamp": 16.666666666666668,
      "transform_4x4": [
        [
          -0.9951084941621257,
          0.0,
          0.09878808048740884,
          0.13527887392454274
        ],
        [
          0.0,
          1.0,
          0.0,
          0.6392841887843356
        ],
        [
          -0.09878808048740884,
          0.0,
          -0.9951084941621257,
          -0.1572239792443964
        ],
        [
          0.0,
          0.0,
          0.0,
          1.0
        ]
      ]
    },
    {
      "frame": 255,
      "timestamp": 17.0,
      "transform_4x4": [
        [
          -0.9580499130566619,
          0.0,
          -0.2866014028090628,
          0.13213365702123903
        ],
        [
          0.0,
          1.0,
          0.0,
          0.6467068086579438
        ],
        [
          0.2866014028090628,
          0.0,
          -0.9580499130566619,
          -0.14537367341595214
        ],
        [
          0.0,
          0.0,
          0.0,
          1.0
        ]
      ]
    },
    {
      "frame": 260,
      "timestamp": 17.333333333333332,
      "transform_4x4": [
        [
          -0.9963111512829915,
          0.0,
          -0.08581427520616873,
          0.1350525968793137
        ],
        [
          0.0,
          1.0,
          0.0,
          0.6427058508807252
        ],
        [
          0.08581427520616873,
          0.0,
          -0.9963111512829915,
          -0.15440681141478002
        ],
        [
          0.0,
          0.0,
          0.0,
          1.0
        ]
      ]
    },
    {
      "frame": 265,
      "timestamp": 17.666666666666668,
      "transform_4x4": [
        [
          -0.9883533227784773,
          0.0,
          -0.15217657294321923,
          0.13647754606617252
        ],
        [
          0.0,
          1.0,
          0.0,
          0.6371473199187779
        ],
        [
          0.15217657294321923,
          0.0,
          -0.9883533227784773,
          -0.16172950462283606
        ],
        [
          0.0,
          0.0,
          0.0,
          1.0
        ]
      ]
    },
    {
      "frame": 270,
      "timestamp": 18.0,
      "transform_4x4": [
        [
          -0.9998111448953703,
          0.0,
          0.01943385044217746,
          0.13693956993582188
        ],
        [
          0.0,
          1.0,
          0.0,
          0.6358393415614254
        ],
        [
          -0.01943385044217746,
          0.0,
          -0.9998111448953703,
          -0.16356908144130475
        ],
        [
          0.0,
          0.0,
          0.0,
          1.0
        ]
      ]
    },
    {
      "frame": 275,
      "timestamp": 18.333333333333332,
      "transform_4x4": [
        [
          -0.9999790572073414,
          0.0,
          0.006471873509023323,
          0.13567596174543078
        ],
        [
          0.0,
          1.0,
          0.0,
          0.6411064042973732
        ],
        [
          -0.006471873509023323,
          0.0,
          -0.9999790572073414,
          -0.15788898897536255
        ],
        [
          0.0,
          0.0,
          0.0,
          1.0
        ]
      ]
    },
    {
      "frame": 280,
      "timestamp": 18.666666666666668,
      "transform_4x4": [
        [
          -0.999996767698649,
          0.0,
          0.002542556244053013,
          0.13608526415683467
        ],
        [
          0.0,
          1.0,
          0.0,
          0.6377077377936463
        ],
        [
          -0.002542556244053013,
          0.0,
          -0.999996767698649,
          -0.1610527482731713
        ],
        [
          0.0,
          0.0,
          0.0,
          1.0
        ]
      ]
    },
    {
      "frame": 285,
      "timestamp": 19.0,
      "transform_4x4": [
        [
          -0.9978756169355907,
          0.0,
          0.06514793262578883,
          0.13582912068988143
        ],
        [
          0.0,
          1.0,
          0.0,
          0.636645849190959
        ],
        [
          -0.06514793262578883,
          0.0,
          -0.9978756169355907,
          -0.16199262986777893
        ],
        [
          0.0,
          0.0,
          0.0,
          1.0
        ]
      ]
    },
    {
      "frame": 290,
      "timestamp": 19.333333333333332,
      "transform_4x4": [
        [
          -0.9941613515552622,
          0.0,
          -0.10790369351331054,
          0.1358419901471033
        ],
        [
          0.0,
          1.0,
          0.0,
          0.6356288990516097
        ],
        [
          0.10790369351331054,
          0.0,
          -0.9941613515552622,
          -0.16366780176469026
        ],
        [
          0.0,
          0.0,
          0.0,
          1.0
        ]
      ]
    },
    {
      "frame": 295,
      "timestamp": 19.666666666666668,
      "transform_4x4": [
        [
          -0.9873495639827458,
          0.0,
          -0.15855862796795958,
          0.13061427729544056
        ],
        [
          0.0,
          1.0,
          0.0,
          0.6388522892378118
        ],
        [
          0.15855862796795958,
          0.0,
          -0.9873495639827458,
          -0.1519622289746171
        ],
        [
          0.0,
          0.0,
          0.0,
          1.0
        ]
      ]
    },
    {
      "frame": 300,
      "timestamp": 20.0,
      "transform_4x4": [
        [
          -0.9848992599902399,
          0.0,
          -0.17312841381667501,
          0.13003984084847278
        ],
        [
          0.0,
          1.0,
          0.0,
          0.6392028884276469
        ],
        [
          0.17312841381667501,
          0.0,
          -0.9848992599902399,
          -0.15065162145003436
        ],
        [
          0.0,
          0.0,
          0.0,
          1.0
        ]
      ]
    },
    {
      "frame": 305,
      "timestamp": 20.333333333333332,
      "transform_4x4": [
        [
          -0.9841995779267674,
          0.0,
          -0.17706267480407312,
          0.13021380513204298
        ],
        [
          0.0,
          1.0,
          0.0,
          0.6384396977681113
        ],
        [
          0.17706267480407312,
          0.0,
          -0.9841995779267674,
          -0.15056216419729102
        ],
        [
          0.0,
          0.0,
          0.0,
          1.0
        ]
      ]
    },
    {
      "frame": 310,
      "timestamp": 20.666666666666668,
      "transform_4x4": [
        [
          -0.9999177876238317,
          0.0,
          0.012822557992140656,
          0.1303939842819076
        ],
        [
          0.0,
          1.0,
          0.0,
          0.6360281913124075
        ],
        [
          -0.012822557992140656,
          0.0,
          -0.9999177876238317,
          -0.1534146620545393
        ],
        [
          0.0,
          0.0,
          0.0,
          1.0
        ]
      ]
    }
  ]
}