{
  "object": "bread",
  "sequence": "weigh_bread__2026_0701_0044_30",
  "num_frames": 47,
  "fps": 15.0,
  "method": "multi-view mask centroid triangulation",
  "trajectory": [
    {
      "frame": 0,
      "timestamp": 0.0,
      "transform_4x4": [
        [
          -0.8558712471771749,
          0.15268446004920075,
          -0.49413749494940257,
          0.056608687043789206
        ],
        [
          -0.13222862116571807,
          -0.9882749898988054,
          -0.07634223002460036,
          0.43127192033062156
        ],
        [
          -0.4999999999999999,
          0.0,
          0.8660254037844386,
          0.06071205344990163
        ],
        [
          0.0,
          0.0,
          0.0,
          1.0
        ]
      ],
      "interpolated": true,
      "smoothing": "gaussian_sigma1.0_linear_interp"
    },
    {
      "frame": 1,
      "timestamp": 0.1,
      "transform_4x4": [
        [
          -0.8558712471771749,
          0.15268446004920075,
          -0.49413749494940257,
          0.059499150808847025
        ],
        [
          -0.13222862116571807,
          -0.9882749898988054,
          -0.07634223002460036,
          0.43918794567140046
        ],
        [
          -0.4999999999999999,
          0.0,
          0.8660254037844386,
          0.05251909944384575
        ],
        [
          0.0,
          0.0,
          0.0,
          1.0
        ]
      ],
      "interpolated": true,
      "smoothing": "gaussian_sigma1.0_linear_interp"
    },
    {
      "frame": 3,
      "timestamp": 0.2,
      "transform_4x4": [
        [
          -0.8558712471771749,
          0.15268446004920075,
          -0.49413749494940257,
          0.06238961457390484
        ],
        [
          -0.13222862116571807,
          -0.9882749898988054,
          -0.07634223002460036,
          0.44710397101217936
        ],
        [
          -0.4999999999999999,
          0.0,
          0.8660254037844386,
          0.04432614543778987
        ],
        [
          0.0,
          0.0,
          0.0,
          1.0
        ]
      ],
      "interpolated": true,
      "smoothing": "gaussian_sigma1.0_linear_interp"
    },
    {
      "frame": 4,
      "timestamp": 0.301,
      "transform_4x4": [
        [
          -0.8558712471771749,
          0.15268446004920075,
          -0.49413749494940257,
          0.06528007833896265
        ],
        [
          -0.13222862116571807,
          -0.9882749898988054,
          -0.07634223002460036,
          0.4550199963529582
        ],
        [
          -0.4999999999999999,
          0.0,
          0.8660254037844386,
          0.03613319143173399
        ],
        [
          0.0,
          0.0,
          0.0,
          1.0
        ]
      ],
      "interpolated": true,
      "smoothing": "gaussian_sigma1.0_linear_interp"
    },
    {
      "frame": 6,
      "timestamp": 0.401,
      "transform_4x4": [
        [
          -0.8558712471771749,
          0.15268446004920075,
          -0.49413749494940257,
          0.06817054210402047
        ],
        [
          -0.13222862116571807,
          -0.9882749898988054,
          -0.07634223002460036,
          0.4629360216937371
        ],
        [
          -0.4999999999999999,
          0.0,
          0.8660254037844386,
          0.02794023742567811
        ],
        [
          0.0,
          0.0,
          0.0,
          1.0
        ]
      ],
      "interpolated": true,
      "smoothing": "gaussian_sigma1.0_linear_interp"
    },
    {
      "frame": 7,
      "timestamp": 0.501,
      "transform_4x4": [
        [
          -0.8558712471771749,
          0.15268446004920075,
          -0.49413749494940257,
          0.07106100586907829
        ],
        [
          -0.13222862116571807,
          -0.9882749898988054,
          -0.07634223002460036,
          0.470852047034516
        ],
        [
          -0.4999999999999999,
          0.0,
          0.8660254037844386,
          0.01974728341962223
        ],
        [
          0.0,
          0.0,
          0.0,
          1.0
        ]
      ],
      "interpolated": true,
      "smoothing": "gaussian_sigma1.0_linear_interp"
    },
    {
      "frame": 9,
      "timestamp": 0.601,
      "transform_4x4": [
        [
          -0.8558712471771749,
          0.15268446004920075,
          -0.49413749494940257,
          0.07395146963413611
        ],
        [
          -0.13222862116571807,
          -0.9882749898988054,
          -0.07634223002460036,
          0.4787680723752949
        ],
        [
          -0.4999999999999999,
          0.0,
          0.8660254037844386,
          0.011554329413566357
        ],
        [
          0.0,
          0.0,
          0.0,
          1.0
        ]
      ],
      "interpolated": true,
      "smoothing": "gaussian_sigma1.0_linear_interp"
    },
    {
      "frame": 10,
      "timestamp": 0.702,
      "transform_4x4": [
        [
          -0.8558712471771749,
          0.15268446004920075,
          -0.49413749494940257,
          0.07684193339919393
        ],
        [
          -0.13222862116571807,
          -0.9882749898988054,
          -0.07634223002460036,
          0.4866840977160738
        ],
        [
          -0.4999999999999999,
          0.0,
          0.8660254037844386,
          0.0033613754075104696
        ],
        [
          0.0,
          0.0,
          0.0,
          1.0
        ]
      ],
      "interpolated": true,
      "smoothing": "gaussian_sigma1.0_linear_interp"
    },
    {
      "frame": 12,
      "timestamp": 0.802,
      "transform_4x4": [
        [
          -0.109144357022064,
          -0.9920265516139105,
          -0.06301452390721726,
          0.07973239716425175
        ],
        [
          0.8591201949263211,
          -0.12602904781443455,
          0.49601327580695515,
          0.4946001230568527
        ],
        [
          -0.4999999999999999,
          0.0,
          0.8660254037844386,
          -0.004831578598545411
        ],
        [
          0.0,
          0.0,
          0.0,
          1.0
        ]
      ],
      "interpolated": true,
      "smoothing": "gaussian_sigma1.0_linear_interp"
    },
    {
      "frame": 13,
      "timestamp": 0.902,
      "transform_4x4": [
        [
          -0.109144357022064,
          -0.9920265516139105,
          -0.06301452390721726,
          0.08262286092930957
        ],
        [
          0.8591201949263211,
          -0.12602904781443455,
          0.49601327580695515,
          0.5025161483976316
        ],
        [
          -0.4999999999999999,
          0.0,
          0.8660254037844386,
          -0.013024532604601291
        ],
        [
          0.0,
          0.0,
          0.0,
          1.0
        ]
      ],
      "interpolated": true,
      "smoothing": "gaussian_sigma1.0_linear_interp"
    },
    {
      "frame": 15,
      "timestamp": 1.002,
      "transform_4x4": [
        [
          -0.109144357022064,
          -0.9920265516139105,
          -0.06301452390721726,
          0.08551332469436738
        ],
        [
          0.8591201949263211,
          -0.12602904781443455,
          0.49601327580695515,
          0.5104321737384104
        ],
        [
          -0.4999999999999999,
          0.0,
          0.8660254037844386,
          -0.02121748661065717
        ],
        [
          0.0,
          0.0,
          0.0,
          1.0
        ]
      ],
      "interpolated": true,
      "smoothing": "gaussian_sigma1.0_linear_interp"
    },
    {
      "frame": 16,
      "timestamp": 1.102,
      "transform_4x4": [
        [
          -0.109144357022064,
          -0.9920265516139105,
          -0.06301452390721726,
          0.0884037884594252
        ],
        [
          0.8591201949263211,
          -0.12602904781443455,
          0.49601327580695515,
          0.5183481990791894
        ],
        [
          -0.4999999999999999,
          0.0,
          0.8660254037844386,
          -0.02941044061671305
        ],
        [
          0.0,
          0.0,
          0.0,
          1.0
        ]
      ],
      "interpolated": true,
      "smoothing": "gaussian_sigma1.0_linear_interp"
    },
    {
      "frame": 18,
      "timestamp": 1.203,
      "transform_4x4": [
        [
          -0.109144357022064,
          -0.9920265516139105,
          -0.06301452390721726,
          0.09129425222448301
        ],
        [
          0.8591201949263211,
          -0.12602904781443455,
          0.49601327580695515,
          0.5262642244199682
        ],
        [
          -0.4999999999999999,
          0.0,
          0.8660254037844386,
          -0.03760339462276892
        ],
        [
          0.0,
          0.0,
          0.0,
          1.0
        ]
      ],
      "interpolated": true,
      "smoothing": "gaussian_sigma1.0_linear_interp"
    },
    {
      "frame": 19,
      "timestamp": 1.303,
      "transform_4x4": [
        [
          -0.109144357022064,
          -0.9920265516139105,
          -0.06301452390721726,
          0.09418471598954084
        ],
        [
          0.8591201949263211,
          -0.12602904781443455,
          0.49601327580695515,
          0.5341802497607471
        ],
        [
          -0.4999999999999999,
          0.0,
          0.8660254037844386,
          -0.0457963486288248
        ],
        [
          0.0,
          0.0,
          0.0,
          1.0
        ]
      ],
      "interpolated": true,
      "smoothing": "gaussian_sigma1.0_linear_interp"
    },
    {
      "frame": 21,
      "timestamp": 1.403,
      "transform_4x4": [
        [
          -0.109144357022064,
          -0.9920265516139105,
          -0.06301452390721726,
          0.09707517975459865
        ],
        [
          0.8591201949263211,
          -0.12602904781443455,
          0.49601327580695515,
          0.542096275101526
        ],
        [
          -0.4999999999999999,
          0.0,
          0.8660254037844386,
          -0.05398930263488069
        ],
        [
          0.0,
          0.0,
          0.0,
          1.0
        ]
      ],
      "interpolated": true,
      "smoothing": "gaussian_sigma1.0_linear_interp"
    },
    {
      "frame": 22,
      "timestamp": 1.503,
      "transform_4x4": [
        [
          -0.109144357022064,
          -0.9920265516139105,
          -0.06301452390721726,
          0.09996320547195874
        ],
        [
          0.8591201949263211,
          -0.12602904781443455,
          0.49601327580695515,
          0.5500049486719064
        ],
        [
          -0.4999999999999999,
          0.0,
          0.8660254037844386,
          -0.06217508642380724
        ],
        [
          0.0,
          0.0,
          0.0,
          1.0
        ]
      ],
      "interpolated": true,
      "smoothing": "gaussian_sigma1.0_linear_interp"
    },
    {
      "frame": 24,
      "timestamp": 1.603,
      "transform_4x4": [
        [
          -0.109144357022064,
          -0.9920265516139105,
          -0.06301452390721726,
          0.1018152640884234
        ],
        [
          0.8591201949263211,
          -0.12602904781443455,
          0.49601327580695515,
          0.5547897324704557
        ],
        [
          -0.4999999999999999,
          0.0,
          0.8660254037844386,
          -0.06731412545086468
        ],
        [
          0.0,
          0.0,
          0.0,
          1.0
        ]
      ],
      "interpolated": true,
      "smoothing": "gaussian_sigma1.0_linear_interp"
    },
    {
      "frame": 25,
      "timestamp": 1.704,
      "transform_4x4": [
        [
          -0.109144357022064,
          -0.9920265516139105,
          -0.06301452390721726,
          0.10366732270488807
        ],
        [
          0.8591201949263211,
          -0.12602904781443455,
          0.49601327580695515,
          0.5595745162690051
        ],
        [
          -0.4999999999999999,
          0.0,
          0.8660254037844386,
          -0.07245316447792213
        ],
        [
          0.0,
          0.0,
          0.0,
          1.0
        ]
      ],
      "interpolated": true,
      "smoothing": "gaussian_sigma1.0_linear_interp"
    },
    {
      "frame": 27,
      "timestamp": 1.804,
      "transform_4x4": [
        [
          -0.109144357022064,
          -0.9920265516139105,
          -0.06301452390721726,
          0.10551938132135273
        ],
        [
          0.8591201949263211,
          -0.12602904781443455,
          0.49601327580695515,
          0.5643593000675544
        ],
        [
          -0.4999999999999999,
          0.0,
          0.8660254037844386,
          -0.07759220350497958
        ],
        [
          0.0,
          0.0,
          0.0,
          1.0
        ]
      ],
      "interpolated": true,
      "smoothing": "gaussian_sigma1.0_linear_interp"
    },
    {
      "frame": 28,
      "timestamp": 1.904,
      "transform_4x4": [
        [
          -0.109144357022064,
          -0.9920265516139105,
          -0.06301452390721726,
          0.1073714399378174
        ],
        [
          0.8591201949263211,
          -0.12602904781443455,
          0.49601327580695515,
          0.5691440838661038
        ],
        [
          -0.4999999999999999,
          0.0,
          0.8660254037844386,
          -0.08273124253203704
        ],
        [
          0.0,
          0.0,
          0.0,
          1.0
        ]
      ],
      "interpolated": true,
      "smoothing": "gaussian_sigma1.0_linear_interp"
    },
    {
      "frame": 30,
      "timestamp": 2.004,
      "transform_4x4": [
        [
          -0.109144357022064,
          -0.9920265516139105,
          -0.06301452390721726,
          0.10922349855428207
        ],
        [
          0.8591201949263211,
          -0.12602904781443455,
          0.49601327580695515,
          0.5739288676646531
        ],
        [
          -0.4999999999999999,
          0.0,
          0.8660254037844386,
          -0.08787028155909447
        ],
        [
          0.0,
          0.0,
          0.0,
          1.0
        ]
      ],
      "interpolated": true,
      "smoothing": "gaussian_sigma1.0_linear_interp"
    },
    {
      "frame": 31,
      "timestamp": 2.105,
      "transform_4x4": [
        [
          -0.109144357022064,
          -0.9920265516139105,
          -0.06301452390721726,
          0.11107555717074673
        ],
        [
          0.8591201949263211,
          -0.12602904781443455,
          0.49601327580695515,
          0.5787136514632024
        ],
        [
          -0.4999999999999999,
          0.0,
          0.8660254037844386,
          -0.09300932058615191
        ],
        [
          0.0,
          0.0,
          0.0,
          1.0
        ]
      ],
      "interpolated": true,
      "smoothing": "gaussian_sigma1.0_linear_interp"
    },
    {
      "frame": 33,
      "timestamp": 2.205,
      "transform_4x4": [
        [
          -0.109144357022064,
          -0.9920265516139105,
          -0.06301452390721726,
          0.1129276157872114
        ],
        [
          0.8591201949263211,
          -0.12602904781443455,
          0.49601327580695515,
          0.5834984352617518
        ],
        [
          -0.4999999999999999,
          0.0,
          0.8660254037844386,
          -0.09814835961320938
        ],
        [
          0.0,
          0.0,
          0.0,
          1.0
        ]
      ],
      "interpolated": true,
      "smoothing": "gaussian_sigma1.0_linear_interp"
    },
    {
      "frame": 34,
      "timestamp": 2.305,
      "transform_4x4": [
        [
          -0.09821318087490925,
          -0.9935486373616759,
          -0.05670340641609825,
          0.11477967440367606
        ],
        [
          0.8604383598506241,
          -0.11340681283219653,
          0.4967743186808378,
          0.5882832190603011
        ],
        [
          -0.4999999999999999,
          0.0,
          0.8660254037844386,
          -0.10328739864026681
        ],
        [
          0.0,
          0.0,
          0.0,
          1.0
        ]
      ],
      "interpolated": true,
      "smoothing": "gaussian_sigma1.0_linear_interp"
    },
    {
      "frame": 36,
      "timestamp": 2.405,
      "transform_4x4": [
        [
          -0.09821318087490925,
          -0.9935486373616759,
          -0.05670340641609825,
          0.11663173302014074
        ],
        [
          0.8604383598506241,
          -0.11340681283219653,
          0.4967743186808378,
          0.5930680028588504
        ],
        [
          -0.4999999999999999,
          0.0,
          0.8660254037844386,
          -0.10842643766732425
        ],
        [
          0.0,
          0.0,
          0.0,
          1.0
        ]
      ],
      "interpolated": true,
      "smoothing": "gaussian_sigma1.0_linear_interp"
    },
    {
      "frame": 37,
      "timestamp": 2.505,
      "transform_4x4": [
        [
          -0.09821318087490925,
          -0.9935486373616759,
          -0.05670340641609825,
          0.1184837916366054
        ],
        [
          0.8604383598506241,
          -0.11340681283219653,
          0.4967743186808378,
          0.5978527866573998
        ],
        [
          -0.4999999999999999,
          0.0,
          0.8660254037844386,
          -0.11356547669438172
        ],
        [
          0.0,
          0.0,
          0.0,
          1.0
        ]
      ],
      "interpolated": true,
      "smoothing": "gaussian_sigma1.0_linear_interp"
    },
    {
      "frame": 39,
      "timestamp": 2.606,
      "transform_4x4": [
        [
          -0.09821318087490925,
          -0.9935486373616759,
          -0.05670340641609825,
          0.12033585025307006
        ],
        [
          0.8604383598506241,
          -0.11340681283219653,
          0.4967743186808378,
          0.6026375704559491
        ],
        [
          -0.4999999999999999,
          0.0,
          0.8660254037844386,
          -0.11870451572143914
        ],
        [
          0.0,
          0.0,
          0.0,
          1.0
        ]
      ],
      "interpolated": true,
      "smoothing": "gaussian_sigma1.0_linear_interp"
    },
    {
      "frame": 40,
      "timestamp": 2.706,
      "transform_4x4": [
        [
          -0.09821318087490925,
          -0.9935486373616759,
          -0.05670340641609825,
          0.12218790886953473
        ],
        [
          0.8604383598506241,
          -0.11340681283219653,
          0.4967743186808378,
          0.6074223542544985
        ],
        [
          -0.4999999999999999,
          0.0,
          0.8660254037844386,
          -0.1238435547484966
        ],
        [
          0.0,
          0.0,
          0.0,
          1.0
        ]
      ],
      "interpolated": true,
      "smoothing": "gaussian_sigma1.0_linear_interp"
    },
    {
      "frame": 42,
      "timestamp": 2.806,
      "transform_4x4": [
        [
          -0.09821318087490925,
          -0.9935486373616759,
          -0.05670340641609825,
          0.1240399674859994
        ],
        [
          0.8604383598506241,
          -0.11340681283219653,
          0.4967743186808378,
          0.6122071380530478
        ],
        [
          -0.4999999999999999,
          0.0,
          0.8660254037844386,
          -0.12898259377555404
        ],
        [
          0.0,
          0.0,
          0.0,
          1.0
        ]
      ],
      "interpolated": true,
      "smoothing": "gaussian_sigma1.0_linear_interp"
    },
    {
      "frame": 43,
      "timestamp": 2.906,
      "transform_4x4": [
        [
          -0.09821318087490925,
          -0.9935486373616759,
          -0.05670340641609825,
          0.12589202610246408
        ],
        [
          0.8604383598506241,
          -0.11340681283219653,
          0.4967743186808378,
          0.6169919218515972
        ],
        [
          -0.4999999999999999,
          0.0,
          0.8660254037844386,
          -0.1341216328026115
        ],
        [
          0.0,
          0.0,
          0.0,
          1.0
        ]
      ],
      "interpolated": true,
      "smoothing": "gaussian_sigma1.0_linear_interp"
    },
    {
      "frame": 45,
      "timestamp": 3.006,
      "transform_4x4": [
        [
          -0.09821318087490925,
          -0.9935486373616759,
          -0.05670340641609825,
          0.12774408471892873
        ],
        [
          0.8604383598506241,
          -0.11340681283219653,
          0.4967743186808378,
          0.6217767056501465
        ],
        [
          -0.4999999999999999,
          0.0,
          0.8660254037844386,
          -0.13926067182966895
        ],
        [
          0.0,
          0.0,
          0.0,
          1.0
        ]
      ],
      "interpolated": true,
      "smoothing": "gaussian_sigma1.0_linear_interp"
    },
    {
      "frame": 46,
      "timestamp": 3.107,
      "transform_4x4": [
        [
          -0.09821318087490925,
          -0.9935486373616759,
          -0.05670340641609825,
          0.12821689530305233
        ],
        [
          0.8604383598506241,
          -0.11340681283219653,
          0.4967743186808378,
          0.622808970430409
        ],
        [
          -0.4999999999999999,
          0.0,
          0.8660254037844386,
          -0.1405557110748846
        ],
        [
          0.0,
          0.0,
          0.0,
          1.0
        ]
      ],
      "interpolated": true,
      "smoothing": "gaussian_sigma1.0_linear_interp"
    },
    {
      "frame": 48,
      "timestamp": 3.207,
      "transform_4x4": [
        [
          -0.09821318087490925,
          -0.9935486373616759,
          -0.05670340641609825,
          0.12868238100580823
        ],
        [
          0.8604383598506241,
          -0.11340681283219653,
          0.4967743186808378,
          0.6238213064117937
        ],
        [
          -0.4999999999999999,
          0.0,
          0.8660254037844386,
          -0.1418303356871125
        ],
        [
          0.0,
          0.0,
          0.0,
          1.0
        ]
      ],
      "interpolated": true,
      "smoothing": "gaussian_sigma1.0_linear_interp"
    },
    {
      "frame": 49,
      "timestamp": 3.307,
      "transform_4x4": [
        [
          -0.09821318087490925,
          -0.9935486373616759,
          -0.05670340641609825,
          0.12914786670856415
        ],
        [
          0.8604383598506241,
          -0.11340681283219653,
          0.4967743186808378,
          0.6248336423931784
        ],
        [
          -0.4999999999999999,
          0.0,
          0.8660254037844386,
          -0.14310496029934042
        ],
        [
          0.0,
          0.0,
          0.0,
          1.0
        ]
      ],
      "interpolated": true,
      "smoothing": "gaussian_sigma1.0_linear_interp"
    },
    {
      "frame": 51,
      "timestamp": 3.407,
      "transform_4x4": [
        [
          -0.09821318087490925,
          -0.9935486373616759,
          -0.05670340641609825,
          0.12961335241132008
        ],
        [
          0.8604383598506241,
          -0.11340681283219653,
          0.4967743186808378,
          0.6258459783745632
        ],
        [
          -0.4999999999999999,
          0.0,
          0.8660254037844386,
          -0.14437958491156833
        ],
        [
          0.0,
          0.0,
          0.0,
          1.0
        ]
      ],
      "interpolated": true,
      "smoothing": "gaussian_sigma1.0_linear_interp"
    },
    {
      "frame": 52,
      "timestamp": 3.508,
      "transform_4x4": [
        [
          -0.09821318087490925,
          -0.9935486373616759,
          -0.05670340641609825,
          0.13007883811407597
        ],
        [
          0.8604383598506241,
          -0.11340681283219653,
          0.4967743186808378,
          0.626858314355948
        ],
        [
          -0.4999999999999999,
          0.0,
          0.8660254037844386,
          -0.14565420952379624
        ],
        [
          0.0,
          0.0,
          0.0,
          1.0
        ]
      ],
      "interpolated": true,
      "smoothing": "gaussian_sigma1.0_linear_interp"
    },
    {
      "frame": 54,
      "timestamp": 3.608,
      "transform_4x4": [
        [
          -0.09821318087490925,
          -0.9935486373616759,
          -0.05670340641609825,
          0.1305443238168319
        ],
        [
          0.8604383598506241,
          -0.11340681283219653,
          0.4967743186808378,
          0.6278706503373327
        ],
        [
          -0.4999999999999999,
          0.0,
          0.8660254037844386,
          -0.14692883413602414
        ],
        [
          0.0,
          0.0,
          0.0,
          1.0
        ]
      ],
      "interpolated": true,
      "smoothing": "gaussian_sigma1.0_linear_interp"
    },
    {
      "frame": 55,
      "timestamp": 3.708,
      "transform_4x4": [
        [
          -0.09821318087490925,
          -0.9935486373616759,
          -0.05670340641609825,
          0.13100980951958782
        ],
        [
          0.8604383598506241,
          -0.11340681283219653,
          0.4967743186808378,
          0.6288829863187175
        ],
        [
          -0.4999999999999999,
          0.0,
          0.8660254037844386,
          -0.14820345874825205
        ],
        [
          0.0,
          0.0,
          0.0,
          1.0
        ]
      ],
      "interpolated": true,
      "smoothing": "gaussian_sigma1.0_linear_interp"
    },
    {
      "frame": 57,
      "timestamp": 3.808,
      "transform_4x4": [
        [
          -0.11487672511778467,
          -0.9911631806628095,
          -0.06632410817037561,
          0.13147529522234372
        ],
        [
          0.8583724937497781,
          -0.13264821634075125,
          0.49558159033140464,
          0.6298953223001023
        ],
        [
          -0.4999999999999999,
          0.0,
          0.8660254037844386,
          -0.14947808336047996
        ],
        [
          0.0,
          0.0,
          0.0,
          1.0
        ]
      ],
      "interpolated": true,
      "smoothing": "gaussian_sigma1.0_linear_interp"
    },
    {
      "frame": 58,
      "timestamp": 3.908,
      "transform_4x4": [
        [
          -0.11487672511778467,
          -0.9911631806628095,
          -0.06632410817037561,
          0.13194078092509964
        ],
        [
          0.8583724937497781,
          -0.13264821634075125,
          0.49558159033140464,
          0.630907658281487
        ],
        [
          -0.4999999999999999,
          0.0,
          0.8660254037844386,
          -0.15075270797270784
        ],
        [
          0.0,
          0.0,
          0.0,
          1.0
        ]
      ],
      "interpolated": true,
      "smoothing": "gaussian_sigma1.0_linear_interp"
    },
    {
      "frame": 60,
      "timestamp": 4.009,
      "transform_4x4": [
        [
          -0.11487672511778467,
          -0.9911631806628095,
          -0.06632410817037561,
          0.13240626662785557
        ],
        [
          0.8583724937497781,
          -0.13264821634075125,
          0.49558159033140464,
          0.6319199942628718
        ],
        [
          -0.4999999999999999,
          0.0,
          0.8660254037844386,
          -0.15202733258493575
        ],
        [
          0.0,
          0.0,
          0.0,
          1.0
        ]
      ],
      "interpolated": true,
      "smoothing": "gaussian_sigma1.0_linear_interp"
    },
    {
      "frame": 61,
      "timestamp": 4.109,
      "transform_4x4": [
        [
          -0.11487672511778467,
          -0.9911631806628095,
          -0.06632410817037561,
          0.13287175233061146
        ],
        [
          0.8583724937497781,
          -0.13264821634075125,
          0.49558159033140464,
          0.6329323302442565
        ],
        [
          -0.4999999999999999,
          0.0,
          0.8660254037844386,
          -0.15330195719716366
        ],
        [
          0.0,
          0.0,
          0.0,
          1.0
        ]
      ],
      "interpolated": true,
      "smoothing": "gaussian_sigma1.0_linear_interp"
    },
    {
      "frame": 63,
      "timestamp": 4.209,
      "transform_4x4": [
        [
          -0.11487672511778467,
          -0.9911631806628095,
          -0.06632410817037561,
          0.1333372380333674
        ],
        [
          0.8583724937497781,
          -0.13264821634075125,
          0.49558159033140464,
          0.6339446662256413
        ],
        [
          -0.4999999999999999,
          0.0,
          0.8660254037844386,
          -0.15457658180939157
        ],
        [
          0.0,
          0.0,
          0.0,
          1.0
        ]
      ],
      "interpolated": true,
      "smoothing": "gaussian_sigma1.0_linear_interp"
    },
    {
      "frame": 64,
      "timestamp": 4.309,
      "transform_4x4": [
        [
          -0.11487672511778467,
          -0.9911631806628095,
          -0.06632410817037561,
          0.1338027237361233
        ],
        [
          0.8583724937497781,
          -0.13264821634075125,
          0.49558159033140464,
          0.6349570022070261
        ],
        [
          -0.4999999999999999,
          0.0,
          0.8660254037844386,
          -0.15585120642161948
        ],
        [
          0.0,
          0.0,
          0.0,
          1.0
        ]
      ],
      "interpolated": true,
      "smoothing": "gaussian_sigma1.0_linear_interp"
    },
    {
      "frame": 66,
      "timestamp": 4.409,
      "transform_4x4": [
        [
          -0.11487672511778467,
          -0.9911631806628095,
          -0.06632410817037561,
          0.1342682094388792
        ],
        [
          0.8583724937497781,
          -0.13264821634075125,
          0.49558159033140464,
          0.6359693381884108
        ],
        [
          -0.4999999999999999,
          0.0,
          0.8660254037844386,
          -0.1571258310338474
        ],
        [
          0.0,
          0.0,
          0.0,
          1.0
        ]
      ],
      "interpolated": true,
      "smoothing": "gaussian_sigma1.0_linear_interp"
    },
    {
      "frame": 67,
      "timestamp": 4.51,
      "transform_4x4": [
        [
          -0.11487672511778467,
          -0.9911631806628095,
          -0.06632410817037561,
          0.13473369514163513
        ],
        [
          0.8583724937497781,
          -0.13264821634075125,
          0.49558159033140464,
          0.6369816741697956
        ],
        [
          -0.4999999999999999,
          0.0,
          0.8660254037844386,
          -0.1584004556460753
        ],
        [
          0.0,
          0.0,
          0.0,
          1.0
        ]
      ],
      "interpolated": true,
      "smoothing": "gaussian_sigma1.0_linear_interp"
    },
    {
      "frame": 69,
      "timestamp": 4.61,
      "transform_4x4": [
        [
          -0.11487672511778467,
          -0.9911631806628095,
          -0.06632410817037561,
          0.13470804496035277
        ],
        [
          0.8583724937497781,
          -0.13264821634075125,
          0.49558159033140464,
          0.6370592043985881
        ],
        [
          -0.4999999999999999,
          0.0,
          0.8660254037844386,
          -0.15839868745479949
        ],
        [
          0.0,
          0.0,
          0.0,
          1.0
        ]
      ],
      "interpolated": true,
      "smoothing": "gaussian_sigma1.0_linear_interp"
    },
    {
      "frame": 70,
      "timestamp": 4.71,
      "transform_4x4": [
        [
          -0.11487672511778467,
          -0.9911631806628095,
          -0.06632410817037561,
          0.13468094912792034
        ],
        [
          0.8583724937497781,
          -0.13264821634075125,
          0.49558159033140464,
          0.6371339830405892
        ],
        [
          -0.4999999999999999,
          0.0,
          0.8660254037844386,
          -0.15839316222034225
        ],
        [
          0.0,
          0.0,
          0.0,
          1.0
        ]
      ],
      "interpolated": true,
      "smoothing": "gaussian_sigma1.0_linear_interp"
    },
    {
      "frame": 72,
      "timestamp": 4.81,
      "transform_4x4": [
        [
          -0.11487672511778467,
          -0.9911631806628095,
          -0.06632410817037561,
          0.13465385329548793
        ],
        [
          0.8583724937497781,
          -0.13264821634075125,
          0.49558159033140464,
          0.6372087616825903
        ],
        [
          -0.4999999999999999,
          0.0,
          0.8660254037844386,
          -0.158387636985885
        ],
        [
          0.0,
          0.0,
          0.0,
          1.0
        ]
      ],
      "interpolated": true,
      "smoothing": "gaussian_sigma1.0_linear_interp"
    },
    {
      "frame": 73,
      "timestamp": 4.911,
      "transform_4x4": [
        [
          -0.11487672511778467,
          -0.9911631806628095,
          -0.06632410817037561,
          0.13462675746305552
        ],
        [
          0.8583724937497781,
          -0.13264821634075125,
          0.49558159033140464,
          0.6372835403245914
        ],
        [
          -0.4999999999999999,
          0.0,
          0.8660254037844386,
          -0.1583821117514278
        ],
        [
          0.0,
          0.0,
          0.0,
          1.0
        ]
      ],
      "interpolated": true,
      "smoothing": "gaussian_sigma1.0_linear_interp"
    },
    {
      "frame": 75,
      "timestamp": 5.011,
      "transform_4x4": [
        [
          -0.11487672511778467,
          -0.9911631806628095,
          -0.06632410817037561,
          0.1345996616306231
        ],
        [
          0.8583724937497781,
          -0.13264821634075125,
          0.49558159033140464,
          0.6373583189665927
        ],
        [
          -0.4999999999999999,
          0.0,
          0.8660254037844386,
          -0.15837658651697056
        ],
        [
          0.0,
          0.0,
          0.0,
          1.0
        ]
      ],
      "interpolated": true,
      "smoothing": "gaussian_sigma1.0_linear_interp"
    },
    {
      "frame": 76,
      "timestamp": 5.111,
      "transform_4x4": [
        [
          -0.11487672511778467,
          -0.9911631806628095,
          -0.06632410817037561,
          0.13457256579819069
        ],
        [
          0.8583724937497781,
          -0.13264821634075125,
          0.49558159033140464,
          0.6374330976085938
        ],
        [
          -0.4999999999999999,
          0.0,
          0.8660254037844386,
          -0.15837106128251333
        ],
        [
          0.0,
          0.0,
          0.0,
          1.0
        ]
      ],
      "interpolated": true,
      "smoothing": "gaussian_sigma1.0_linear_interp"
    },
    {
      "frame": 78,
      "timestamp": 5.211,
      "transform_4x4": [
        [
          -0.11487672511778467,
          -0.9911631806628095,
          -0.06632410817037561,
          0.13454546996575828
        ],
        [
          0.8583724937497781,
          -0.13264821634075125,
          0.49558159033140464,
          0.6375078762505949
        ],
        [
          -0.4999999999999999,
          0.0,
          0.8660254037844386,
          -0.1583655360480561
        ],
        [
          0.0,
          0.0,
          0.0,
          1.0
        ]
      ],
      "interpolated": true,
      "smoothing": "gaussian_sigma1.0_linear_interp"
    },
    {
      "frame": 79,
      "timestamp": 5.311,
      "transform_4x4": [
        [
          -0.09954550033194885,
          -0.9933718292520425,
          -0.05747262141326664,
          0.13451837413332587
        ],
        [
          0.8602852395360865,
          -0.1149452428265333,
          0.49668591462602113,
          0.637582654892596
        ],
        [
          -0.4999999999999999,
          0.0,
          0.8660254037844386,
          -0.15836001081359888
        ],
        [
          0.0,
          0.0,
          0.0,
          1.0
        ]
      ],
      "interpolated": true,
      "smoothing": "gaussian_sigma1.0_linear_interp"
    },
    {
      "frame": 81,
      "timestamp": 5.412,
      "transform_4x4": [
        [
          -0.09954550033194885,
          -0.9933718292520425,
          -0.05747262141326664,
          0.13449127830089344
        ],
        [
          0.8602852395360865,
          -0.1149452428265333,
          0.49668591462602113,
          0.6376574335345971
        ],
        [
          -0.4999999999999999,
          0.0,
          0.8660254037844386,
          -0.15835448557914164
        ],
        [
          0.0,
          0.0,
          0.0,
          1.0
        ]
      ],
      "interpolated": true,
      "smoothing": "gaussian_sigma1.0_linear_interp"
    },
    {
      "frame": 82,
      "timestamp": 5.512,
      "transform_4x4": [
        [
          -0.09954550033194885,
          -0.9933718292520425,
          -0.05747262141326664,
          0.13446418246846104
        ],
        [
          0.8602852395360865,
          -0.1149452428265333,
          0.49668591462602113,
          0.6377322121765983
        ],
        [
          -0.4999999999999999,
          0.0,
          0.8660254037844386,
          -0.1583489603446844
        ],
        [
          0.0,
          0.0,
          0.0,
          1.0
        ]
      ],
      "interpolated": true,
      "smoothing": "gaussian_sigma1.0_linear_interp"
    },
    {
      "frame": 84,
      "timestamp": 5.612,
      "transform_4x4": [
        [
          -0.09954550033194885,
          -0.9933718292520425,
          -0.05747262141326664,
          0.13443708663602863
        ],
        [
          0.8602852395360865,
          -0.1149452428265333,
          0.49668591462602113,
          0.6378069908185994
        ],
        [
          -0.4999999999999999,
          0.0,
          0.8660254037844386,
          -0.15834343511022717
        ],
        [
          0.0,
          0.0,
          0.0,
          1.0
        ]
      ],
      "interpolated": true,
      "smoothing": "gaussian_sigma1.0_linear_interp"
    },
    {
      "frame": 85,
      "timestamp": 5.712,
      "transform_4x4": [
        [
          -0.09954550033194885,
          -0.9933718292520425,
          -0.05747262141326664,
          0.13440999080359622
        ],
        [
          0.8602852395360865,
          -0.1149452428265333,
          0.49668591462602113,
          0.6378817694606005
        ],
        [
          -0.4999999999999999,
          0.0,
          0.8660254037844386,
          -0.15833790987576996
        ],
        [
          0.0,
          0.0,
          0.0,
          1.0
        ]
      ],
      "interpolated": true,
      "smoothing": "gaussian_sigma1.0_linear_interp"
    },
    {
      "frame": 87,
      "timestamp": 5.813,
      "transform_4x4": [
        [
          -0.09954550033194885,
          -0.9933718292520425,
          -0.05747262141326664,
          0.1343828949711638
        ],
        [
          0.8602852395360865,
          -0.1149452428265333,
          0.49668591462602113,
          0.6379565481026016
        ],
        [
          -0.4999999999999999,
          0.0,
          0.8660254037844386,
          -0.15833238464131272
        ],
        [
          0.0,
          0.0,
          0.0,
          1.0
        ]
      ],
      "interpolated": true,
      "smoothing": "gaussian_sigma1.0_linear_interp"
    },
    {
      "frame": 88,
      "timestamp": 5.913,
      "transform_4x4": [
        [
          -0.09954550033194885,
          -0.9933718292520425,
          -0.05747262141326664,
          0.13435579913873139
        ],
        [
          0.8602852395360865,
          -0.1149452428265333,
          0.49668591462602113,
          0.6380313267446027
        ],
        [
          -0.4999999999999999,
          0.0,
