{
  "object": "pipette",
  "sequence": "pipette_rh_beaker_testtube__2026_0701_0039_28",
  "num_frames": 107,
  "fps": 15.0,
  "method": "DLT triangulation + mesh silhouette yaw + Kalman filter",
  "trajectory": [
    {
      "frame": 0,
      "timestamp": 0.0,
      "transform_4x4": [
        [
          0.9659258262890683,
          0.0,
          0.25881904510252074,
          0.0425176109350945
        ],
        [
          0.0,
          1.0,
          0.0,
          0.2583530380310296
        ],
        [
          -0.25881904510252074,
          0.0,
          0.9659258262890683,
          0.19118672524884536
        ],
        [
          0.0,
          0.0,
          0.0,
          1.0
        ]
      ]
    },
    {
      "frame": 5,
      "timestamp": 0.3333333333333333,
      "transform_4x4": [
        [
          0.9950107346657516,
          0.0,
          0.09976792019442511,
          0.2064610859183274
        ],
        [
          0.0,
          1.0,
          0.0,
          0.606439757920145
        ],
        [
          -0.09976792019442511,
          0.0,
          0.9950107346657516,
          0.1344873180702233
        ],
        [
          0.0,
          0.0,
          0.0,
          1.0
        ]
      ]
    },
    {
      "frame": 10,
      "timestamp": 0.6666666666666666,
      "transform_4x4": [
        [
          0.9347480611231408,
          0.0,
          0.35531121883009686,
          0.2238913103793304
        ],
        [
          0.0,
          1.0,
          0.0,
          0.6144725555994609
        ],
        [
          -0.35531121883009686,
          0.0,
          0.9347480611231408,
          0.15051420261005577
        ],
        [
          0.0,
          0.0,
          0.0,
          1.0
        ]
      ]
    },
    {
      "frame": 15,
      "timestamp": 1.0,
      "transform_4x4": [
        [
          0.9067776283594357,
          0.0,
          0.42160921800505885,
          0.2232098449996257
        ],
        [
          0.0,
          1.0,
          0.0,
          0.6119527242294179
        ],
        [
          -0.42160921800505885,
          0.0,
          0.9067776283594357,
          0.1467428434946408
        ],
        [
          0.0,
          0.0,
          0.0,
          1.0
        ]
      ]
    },
    {
      "frame": 20,
      "timestamp": 1.3333333333333333,
      "transform_4x4": [
        [
          0.9505215490375452,
          0.0,
          0.3106586306788621,
          0.21444194826543994
        ],
        [
          0.0,
          1.0,
          0.0,
          0.6124109043779937
        ],
        [
          -0.3106586306788621,
          0.0,
          0.9505215490375452,
          0.1580928614530213
        ],
        [
          0.0,
          0.0,
          0.0,
          1.0
        ]
      ]
    },
    {
      "frame": 25,
      "timestamp": 1.6666666666666667,
      "transform_4x4": [
        [
          0.9403269866510605,
          0.0,
          0.34027218248886604,
          0.21342002221379763
        ],
        [
          0.0,
          1.0,
          0.0,
          0.6166019473418307
        ],
        [
          -0.34027218248886604,
          0.0,
          0.9403269866510605,
          0.14830265909998527
        ],
        [
          0.0,
          0.0,
          0.0,
          1.0
        ]
      ]
    },
    {
      "frame": 30,
      "timestamp": 2.0,
      "transform_4x4": [
        [
          0.9376344551269439,
          0.0,
          0.3476228251406962,
          0.2152370356110254
        ],
        [
          0.0,
          1.0,
          0.0,
          0.6100752150730616
        ],
        [
          -0.3476228251406962,
          0.0,
          0.9376344551269439,
          0.15845870966658596
        ],
        [
          0.0,
          0.0,
          0.0,
          1.0
        ]
      ]
    },
    {
      "frame": 35,
      "timestamp": 2.3333333333333335,
      "transform_4x4": [
        [
          0.9123200100403808,
          0.0,
          0.4094779594555969,
          0.2208815431777072
        ],
        [
          0.0,
          1.0,
          0.0,
          0.6143762574353896
        ],
        [
          -0.4094779594555969,
          0.0,
          0.9123200100403808,
          0.15444388534237635
        ],
        [
          0.0,
          0.0,
          0.0,
          1.0
        ]
      ]
    },
    {
      "frame": 40,
      "timestamp": 2.6666666666666665,
      "transform_4x4": [
        [
          0.952350644935284,
          0.0,
          0.3050053263327522,
          0.22292169237657203
        ],
        [
          0.0,
          1.0,
          0.0,
          0.60803635717529
        ],
        [
          -0.3050053263327522,
          0.0,
          0.952350644935284,
          0.1620455166952759
        ],
        [
          0.0,
          0.0,
          0.0,
          1.0
        ]
      ]
    },
    {
      "frame": 45,
      "timestamp": 3.0,
      "transform_4x4": [
        [
          0.9619552028650439,
          0.0,
          0.2732072247962564,
          0.22031150307315345
        ],
        [
          0.0,
          1.0,
          0.0,
          0.6162045167963928
        ],
        [
          -0.2732072247962564,
          0.0,
          0.9619552028650439,
          0.1530920003751509
        ],
        [
          0.0,
          0.0,
          0.0,
          1.0
        ]
      ]
    },
    {
      "frame": 50,
      "timestamp": 3.3333333333333335,
      "transform_4x4": [
        [
          0.9796388729760236,
          0.0,
          0.20076772288957764,
          0.2178391461758811
        ],
        [
          0.0,
          1.0,
          0.0,
          0.6118617380689199
        ],
        [
          -0.20076772288957764,
          0.0,
          0.9796388729760236,
          0.1584441439674482
        ],
        [
          0.0,
          0.0,
          0.0,
          1.0
        ]
      ]
    },
    {
      "frame": 55,
      "timestamp": 3.6666666666666665,
      "transform_4x4": [
        [
          0.952539565964257,
          0.0,
          0.3044148079062924,
          0.22044940931106352
        ],
        [
          0.0,
          1.0,
          0.0,
          0.6164747211125682
        ],
        [
          -0.3044148079062924,
          0.0,
          0.952539565964257,
          0.15308691584424725
        ],
        [
          0.0,
          0.0,
          0.0,
          1.0
        ]
      ]
    },
    {
      "frame": 60,
      "timestamp": 4.0,
      "transform_4x4": [
        [
          0.9620615856052173,
          0.0,
          0.27283237619970113,
          0.2174284782763319
        ],
        [
          0.0,
          1.0,
          0.0,
          0.6102954437146062
        ],
        [
          -0.27283237619970113,
          0.0,
          0.9620615856052173,
          0.15718697024745934
        ],
        [
          0.0,
          0.0,
          0.0,
          1.0
        ]
      ]
    },
    {
      "frame": 65,
      "timestamp": 4.333333333333333,
      "transform_4x4": [
        [
          0.9796236168625885,
          0.0,
          0.2008421501703774,
          0.21870467388506534
        ],
        [
          0.0,
          1.0,
          0.0,
          0.6078342857652611
        ],
        [
          -0.2008421501703774,
          0.0,
          0.9796236168625885,
          0.15842298807870425
        ],
        [
          0.0,
          0.0,
          0.0,
          1.0
        ]
      ]
    },
    {
      "frame": 70,
      "timestamp": 4.666666666666667,
      "transform_4x4": [
        [
          0.9702204357529645,
          0.0,
          0.24222366946136323,
          0.2190511076558725
        ],
        [
          0.0,
          1.0,
          0.0,
          0.6064156660166988
        ],
        [
          -0.24222366946136323,
          0.0,
          0.9702204357529645,
          0.15724940764464831
        ],
        [
          0.0,
          0.0,
          0.0,
          1.0
        ]
      ]
    },
    {
      "frame": 75,
      "timestamp": 5.0,
      "transform_4x4": [
        [
          0.9266194515916598,
          0.0,
          0.3760005211857713,
          0.22636564503354334
        ],
        [
          0.0,
          1.0,
          0.0,
          0.6118338322471312
        ],
        [
          -0.3760005211857713,
          0.0,
          0.9266194515916598,
          0.15315244475534676
        ],
        [
          0.0,
          0.0,
          0.0,
          1.0
        ]
      ]
    },
    {
      "frame": 80,
      "timestamp": 5.333333333333333,
      "transform_4x4": [
        [
          0.9103315479771608,
          0.0,
          0.413879780561344,
          0.2272465971457799
        ],
        [
          0.0,
          1.0,
          0.0,
          0.6101218643465762
        ],
        [
          -0.413879780561344,
          0.0,
          0.9103315479771608,
          0.14595140558638872
        ],
        [
          0.0,
          0.0,
          0.0,
          1.0
        ]
      ]
    },
    {
      "frame": 85,
      "timestamp": 5.666666666666667,
      "transform_4x4": [
        [
          0.9054319785721704,
          0.0,
          0.42449138057077757,
          0.2281917784197427
        ],
        [
          0.0,
          1.0,
          0.0,
          0.6088791497086378
        ],
        [
          -0.42449138057077757,
          0.0,
          0.9054319785721704,
          0.1449073511615488
        ],
        [
          0.0,
          0.0,
          0.0,
          1.0
        ]
      ]
    },
    {
      "frame": 90,
      "timestamp": 6.0,
      "transform_4x4": [
        [
          0.969078253757893,
          0.0,
          0.246753597934362,
          0.22388731585577293
        ],
        [
          0.0,
          1.0,
          0.0,
          0.6039064255849452
        ],
        [
          -0.246753597934362,
          0.0,
          0.969078253757893,
          0.15496780446713115
        ],
        [
          0.0,
          0.0,
          0.0,
          1.0
        ]
      ]
    },
    {
      "frame": 95,
      "timestamp": 6.333333333333333,
      "transform_4x4": [
        [
          -0.7993155333846771,
          0.0,
          0.6009115393216952,
          0.22502692916110145
        ],
        [
          0.0,
          1.0,
          0.0,
          0.6062931287817392
        ],
        [
          -0.6009115393216952,
          0.0,
          -0.7993155333846771,
          0.15866176793207462
        ],
        [
          0.0,
          0.0,
          0.0,
          1.0
        ]
      ]
    },
    {
      "frame": 100,
      "timestamp": 6.666666666666667,
      "transform_4x4": [
        [
          -0.9998904581968115,
          0.0,
          -0.014801067764530567,
          0.22525874692451073
        ],
        [
          0.0,
          1.0,
          0.0,
          0.6067431611389339
        ],
        [
          0.014801067764530567,
          0.0,
          -0.9998904581968115,
          0.1589040409256414
        ],
        [
          0.0,
          0.0,
          0.0,
          1.0
        ]
      ]
    },
    {
      "frame": 105,
      "timestamp": 7.0,
      "transform_4x4": [
        [
          -0.9795667689641321,
          0.0,
          -0.20111923115696975,
          0.22396091414330896
        ],
        [
          0.0,
          1.0,
          0.0,
          0.6077646861249225
        ],
        [
          0.20111923115696975,
          0.0,
          -0.9795667689641321,
          0.15903594249393466
        ],
        [
          0.0,
          0.0,
          0.0,
          1.0
        ]
      ]
    },
    {
      "frame": 110,
      "timestamp": 7.333333333333333,
      "transform_4x4": [
        [
          -0.9687461392239294,
          0.0,
          -0.24805426369794817,
          0.22379369841942748
        ],
        [
          0.0,
          1.0,
          0.0,
          0.6078793334347435
        ],
        [
          0.24805426369794817,
          0.0,
          -0.9687461392239294,
          0.1589665709521389
        ],
        [
          0.0,
          0.0,
          0.0,
          1.0
        ]
      ]
    },
    {
      "frame": 115,
      "timestamp": 7.666666666666667,
      "transform_4x4": [
        [
          0.21507057745973973,
          0.0,
          0.9765985084522371,
          0.22519112369589972
        ],
        [
          0.0,
          1.0,
          0.0,
          0.6116660292696814
        ],
        [
          -0.9765985084522371,
          0.0,
          0.21507057745973973,
          0.15249434006358878
        ],
        [
          0.0,
          0.0,
          0.0,
          1.0
        ]
      ]
    },
    {
      "frame": 120,
      "timestamp": 8.0,
      "transform_4x4": [
        [
          0.8484441237441632,
          0.0,
          0.5292849600016981,
          0.22760691787175436
        ],
        [
          0.0,
          1.0,
          0.0,
          0.6098852123154928
        ],
        [
          -0.5292849600016981,
          0.0,
          0.8484441237441632,
          0.14848513198778288
        ],
        [
          0.0,
          0.0,
          0.0,
          1.0
        ]
      ]
    },
    {
      "frame": 125,
      "timestamp": 8.333333333333334,
      "transform_4x4": [
        [
          -0.8692310008463145,
          0.0,
          0.4944061763041744,
          0.22781201132632745
        ],
        [
          0.0,
          1.0,
          0.0,
          0.6058593298244863
        ],
        [
          -0.4944061763041744,
          0.0,
          -0.8692310008463145,
          0.15832923431179816
        ],
        [
          0.0,
          0.0,
          0.0,
          1.0
        ]
      ]
    },
    {
      "frame": 130,
      "timestamp": 8.666666666666666,
      "transform_4x4": [
        [
          -0.995828675039101,
          0.0,
          -0.09124280777063203,
          0.22775910054840398
        ],
        [
          0.0,
          1.0,
          0.0,
          0.6053565955884099
        ],
        [
          0.09124280777063203,
          0.0,
          -0.995828675039101,
          0.1597463995015753
        ],
        [
          0.0,
          0.0,
          0.0,
          1.0
        ]
      ]
    },
    {
      "frame": 135,
      "timestamp": 9.0,
      "transform_4x4": [
        [
          0.8393336798273037,
          0.0,
          -0.5436165688309704,
          0.22776900040654752
        ],
        [
          0.0,
          1.0,
          0.0,
          0.6017232149025029
        ],
        [
          0.5436165688309704,
          0.0,
          0.8393336798273037,
          0.1574721735931587
        ],
        [
          0.0,
          0.0,
          0.0,
          1.0
        ]
      ]
    },
    {
      "frame": 140,
      "timestamp": 9.333333333333334,
      "transform_4x4": [
        [
          0.9777666155328136,
          0.0,
          0.20969607900365472,
          0.23112086513423294
        ],
        [
          0.0,
          1.0,
          0.0,
          0.606850372539709
        ],
        [
          -0.20969607900365472,
          0.0,
          0.9777666155328136,
          0.150789916317266
        ],
        [
          0.0,
          0.0,
          0.0,
          1.0
        ]
      ]
    },
    {
      "frame": 145,
      "timestamp": 9.666666666666666,
      "transform_4x4": [
        [
          0.9331872120435336,
          0.0,
          0.3593906332647209,
          0.23002088626567727
        ],
        [
          0.0,
          1.0,
          0.0,
          0.6060328177380291
        ],
        [
          -0.3593906332647209,
          0.0,
          0.9331872120435336,
          0.14545618168496344
        ],
        [
          0.0,
          0.0,
          0.0,
          1.0
        ]
      ]
    },
    {
      "frame": 150,
      "timestamp": 10.0,
      "transform_4x4": [
        [
          0.9202755566442612,
          0.0,
          0.3912708778366915,
          0.22518969742146
        ],
        [
          0.0,
          1.0,
          0.0,
          0.6040604005063551
        ],
        [
          -0.3912708778366915,
          0.0,
          0.9202755566442612,
          0.15636520194671263
        ],
        [
          0.0,
          0.0,
          0.0,
          1.0
        ]
      ]
    },
    {
      "frame": 155,
      "timestamp": 10.333333333333334,
      "transform_4x4": [
        [
          0.9436084571252733,
          0.0,
          0.3310635583111819,
          0.22194776247592798
        ],
        [
          0.0,
          1.0,
          0.0,
          0.6018604061172452
        ],
        [
          -0.3310635583111819,
          0.0,
          0.9436084571252733,
          0.14994631513008708
        ],
        [
          0.0,
          0.0,
          0.0,
          1.0
        ]
      ]
    },
    {
      "frame": 160,
      "timestamp": 10.666666666666666,
      "transform_4x4": [
        [
          0.9314129331585002,
          0.0,
          0.3639642124510037,
          0.22020789078883377
        ],
        [
          0.0,
          1.0,
          0.0,
          0.6043750979731676
        ],
        [
          -0.3639642124510037,
          0.0,
          0.9314129331585002,
          0.15536130625468964
        ],
        [
          0.0,
          0.0,
          0.0,
          1.0
        ]
      ]
    },
    {
      "frame": 165,
      "timestamp": 11.0,
      "transform_4x4": [
        [
          0.8441741475078489,
          0.0,
          0.5360690335016532,
          0.22144042749710327
        ],
        [
          0.0,
          1.0,
          0.0,
          0.6113927610562222
        ],
        [
          -0.5360690335016532,
          0.0,
          0.8441741475078489,
          0.14951241977816576
        ],
        [
          0.0,
          0.0,
          0.0,
          1.0
        ]
      ]
    },
    {
      "frame": 170,
      "timestamp": 11.333333333333334,
      "transform_4x4": [
        [
          0.9362415544637239,
          0.0,
          0.35135701458110935,
          0.2168345090346021
        ],
        [
          0.0,
          1.0,
          0.0,
          0.6094048871546521
        ],
        [
          -0.35135701458110935,
          0.0,
          0.9362415544637239,
          0.15615377324218677
        ],
        [
          0.0,
          0.0,
          0.0,
          1.0
        ]
      ]
    },
    {
      "frame": 175,
      "timestamp": 11.666666666666666,
      "transform_4x4": [
        [
          0.9580669586116225,
          0.0,
          0.2865444168304028,
          0.21716132938245405
        ],
        [
          0.0,
          1.0,
          0.0,
          0.6126338386543699
        ],
        [
          -0.2865444168304028,
          0.0,
          0.9580669586116225,
          0.1578752706501621
        ],
        [
          0.0,
          0.0,
          0.0,
          1.0
        ]
      ]
    },
    {
      "frame": 180,
      "timestamp": 12.0,
      "transform_4x4": [
        [
          0.9466907151461614,
          0.0,
          0.3221438961955503,
          0.21717610105856847
        ],
        [
          0.0,
          1.0,
          0.0,
          0.6082053378562742
        ],
        [
          -0.3221438961955503,
          0.0,
          0.9466907151461614,
          0.15647141070672604
        ],
        [
          0.0,
          0.0,
          0.0,
          1.0
        ]
      ]
    },
    {
      "frame": 185,
      "timestamp": 12.333333333333334,
      "transform_4x4": [
        [
          0.9449545862705038,
          0.0,
          0.32720151265900493,
          0.2155478469553941
        ],
        [
          0.0,
          1.0,
          0.0,
          0.6072168759865124
        ],
        [
          -0.32720151265900493,
          0.0,
          0.9449545862705038,
          0.15522912697953684
        ],
        [
          0.0,
          0.0,
          0.0,
          1.0
        ]
      ]
    },
    {
      "frame": 190,
      "timestamp": 12.666666666666666,
      "transform_4x4": [
        [
          0.9461295944651507,
          0.0,
          0.3237881876739939,
          0.21524183097378766
        ],
        [
          0.0,
          1.0,
          0.0,
          0.6070082403210564
        ],
        [
          -0.3237881876739939,
          0.0,
          0.9461295944651507,
          0.15519570343398106
        ],
        [
          0.0,
          0.0,
          0.0,
          1.0
        ]
      ]
    },
    {
      "frame": 195,
      "timestamp": 13.0,
      "transform_4x4": [
        [
          0.947977254819416,
          0.0,
          0.31833806612631815,
          0.21541063782728423
        ],
        [
          0.0,
          1.0,
          0.0,
          0.6070693146157704
        ],
        [
          -0.31833806612631815,
          0.0,
          0.947977254819416,
          0.1548690941021317
        ],
        [
          0.0,
          0.0,
          0.0,
          1.0
        ]
      ]
    },
    {
      "frame": 200,
      "timestamp": 13.333333333333334,
      "transform_4x4": [
        [
          0.967872917426201,
          0.0,
          0.251439884888803,
          0.21687645387916307
        ],
        [
          0.0,
          1.0,
          0.0,
          0.6115315291458712
        ],
        [
          -0.251439884888803,
          0.0,
          0.967872917426201,
          0.15760022131102677
        ],
        [
          0.0,
          0.0,
          0.0,
          1.0
        ]
      ]
    },
    {
      "frame": 205,
      "timestamp": 13.666666666666666,
      "transform_4x4": [
        [
          0.9571687636725864,
          0.0,
          0.2895305818898797,
          0.21960021096280058
        ],
        [
          0.0,
          1.0,
          0.0,
          0.6136386888865124
        ],
        [
          -0.2895305818898797,
          0.0,
          0.9571687636725864,
          0.14863711031156418
        ],
        [
          0.0,
          0.0,
          0.0,
          1.0
        ]
      ]
    },
    {
      "frame": 210,
      "timestamp": 14.0,
      "transform_4x4": [
        [
          0.954717319322986,
          0.0,
          0.2975144369349689,
          0.2190160691623342
        ],
        [
          0.0,
          1.0,
          0.0,
          0.6081747353287057
        ],
        [
          -0.2975144369349689,
          0.0,
          0.954717319322986,
          0.15626610865835583
        ],
        [
          0.0,
          0.0,
          0.0,
          1.0
        ]
      ]
    },
    {
      "frame": 215,
      "timestamp": 14.333333333333334,
      "transform_4x4": [
        [
          0.9719049116875946,
          0.0,
          0.2353738359238956,
          0.21934707408368623
        ],
        [
          0.0,
          1.0,
          0.0,
          0.6061876636547242
        ],
        [
          -0.2353738359238956,
          0.0,
          0.9719049116875946,
          0.15558653979452222
        ],
        [
          0.0,
          0.0,
          0.0,
          1.0
        ]
      ]
    },
    {
      "frame": 220,
      "timestamp": 14.666666666666666,
      "transform_4x4": [
        [
          0.9181012719824939,
          0.0,
          0.3963458772134848,
          0.22218796758405235
        ],
        [
          0.0,
          1.0,
          0.0,
          0.6097739900105639
        ],
        [
          -0.3963458772134848,
          0.0,
          0.9181012719824939,
          0.14572332397038743
        ],
        [
          0.0,
          0.0,
          0.0,
          1.0
        ]
      ]
    },
    {
      "frame": 225,
      "timestamp": 15.0,
      "transform_4x4": [
        [
          0.8982196743507469,
          0.0,
          0.43954683096257013,
          0.22216420691094615
        ],
        [
          0.0,
          1.0,
          0.0,
          0.6097604669801334
        ],
        [
          -0.43954683096257013,
          0.0,
          0.8982196743507469,
          0.14044248555839373
        ],
        [
          0.0,
          0.0,
          0.0,
          1.0
        ]
      ]
    },
    {
      "frame": 230,
      "timestamp": 15.333333333333334,
      "transform_4x4": [
        [
          0.9431713269442678,
          0.0,
          0.33230685823526,
          0.22609648806917856
        ],
        [
          0.0,
          1.0,
          0.0,
          0.6104823026816468
        ],
        [
          -0.33230685823526,
          0.0,
          0.9431713269442678,
          0.14734825333811583
        ],
        [
          0.0,
          0.0,
          0.0,
          1.0
        ]
      ]
    },
    {
      "frame": 235,
      "timestamp": 15.666666666666666,
      "transform_4x4": [
        [
          0.9089988473105156,
          0.0,
          0.41679862714283733,
          0.22561038170666967
        ],
        [
          0.0,
          1.0,
          0.0,
          0.6104243748215298
        ],
        [
          -0.41679862714283733,
          0.0,
          0.9089988473105156,
          0.14700075909701443
        ],
        [
          0.0,
          0.0,
          0.0,
          1.0
        ]
      ]
    },
    {
      "frame": 240,
      "timestamp": 16.0,
      "transform_4x4": [
        [
          0.946999238569334,
          0.0,
          0.3212358045876916,
          0.22250006872062308
        ],
        [
          0.0,
          1.0,
          0.0,
          0.6049992725252114
        ],
        [
          -0.3212358045876916,
          0.0,
          0.946999238569334,
          0.15633086335995441
        ],
        [
          0.0,
          0.0,
          0.0,
          1.0
        ]
      ]
    },
    {
      "frame": 245,
      "timestamp": 16.333333333333332,
      "transform_4x4": [
        [
          0.9120101563307829,
          0.0,
          0.4101676178704274,
          0.22386688685133768
        ],
        [
          0.0,
          1.0,
          0.0,
          0.6094916957128649
        ],
        [
          -0.4101676178704274,
          0.0,
          0.9120101563307829,
          0.1488470115799093
        ],
        [
          0.0,
          0.0,
          0.0,
          1.0
        ]
      ]
    },
    {
      "frame": 250,
      "timestamp": 16.666666666666668,
      "transform_4x4": [
        [
          0.9007863959052289,
          0.0,
          0.4342624424838834,
          0.22418311499144847
        ],
        [
          0.0,
          1.0,
          0.0,
          0.6111397217122689
        ],
        [
          -0.4342624424838834,
          0.0,
          0.9007863959052289,
          0.14525146941825495
        ],
        [
          0.0,
          0.0,
          0.0,
          1.0
        ]
      ]
    },
    {
      "frame": 255,
      "timestamp": 17.0,
      "transform_4x4": [
        [
          0.8980702370578084,
          0.0,
          0.43985207662455317,
          0.22532534942517146
        ],
        [
          0.0,
          1.0,
          0.0,
          0.6123587461240153
        ],
        [
          -0.43985207662455317,
          0.0,
          0.8980702370578084,
          0.15004001148475357
        ],
        [
          0.0,
          0.0,
          0.0,
          1.0
        ]
      ]
    },
    {
      "frame": 260,
      "timestamp": 17.333333333333332,
      "transform_4x4": [
        [
          0.9466929176384492,
          0.0,
          0.3221374236148301,
          0.22222474126581912
        ],
        [
          0.0,
          1.0,
          0.0,
          0.6051496995969157
        ],
        [
          -0.3221374236148301,
          0.0,
          0.9466929176384492,
          0.15691887695141024
        ],
        [
          0.0,
          0.0,
          0.0,
          1.0
        ]
      ]
    },
    {
      "frame": 265,
      "timestamp": 17.666666666666668,
      "transform_4x4": [
        [
          0.9143317122314683,
          0.0,
          0.404966072662725,
          0.22380236487385868
        ],
        [
          0.0,
          1.0,
          0.0,
          0.6077249928798337
        ],
        [
          -0.404966072662725,
          0.0,
          0.9143317122314683,
          0.1465870963221258
        ],
        [
          0.0,
          0.0,
          0.0,
          1.0
        ]
      ]
    },
    {
      "frame": 270,
      "timestamp": 18.0,
      "transform_4x4": [
        [
          0.9687904670406597,
          0.0,
          0.24788108231799452,
          0.22504471344432925
        ],
        [
          0.0,
          1.0,
          0.0,
          0.6087489746011524
        ],
        [
          -0.24788108231799452,
          0.0,
          0.9687904670406597,
          0.14716725750317988
        ],
        [
          0.0,
          0.0,
          0.0,
          1.0
        ]
      ]
    },
    {
      "frame": 275,
      "timestamp": 18.333333333333332,
      "transform_4x4": [
        [
          0.9240733080825057,
          0.0,
          0.38221528133952803,
          0.2259899932651027
        ],
        [
          0.0,
          1.0,
          0.0,
          0.609255538241485
        ],
        [
          -0.38221528133952803,
          0.0,
          0.9240733080825057,
          0.14435572518350218
        ],
        [
          0.0,
          0.0,
          0.0,
          1.0
        ]
      ]
    },
    {
      "frame": 280,
      "timestamp": 18.666666666666668,
      "transform_4x4": [
        [
          0.9325490077422539,
          0.0,
          0.3610434158919639,
          0.22505039476310054
        ],
        [
          0.0,
          1.0,
          0.0,
          0.6100921043394163
        ],
        [
          -0.3610434158919639,
          0.0,
          0.9325490077422539,
          0.14336070332232018
        ],
        [
          0.0,
          0.0,
          0.0,
          1.0
        ]
      ]
    },
    {
      "frame": 285,
      "timestamp": 19.0,
      "transform_4x4": [
        [
          0.9352455357938438,
          0.0,
          0.35399970025084193,
          0.2248900332825895
        ],
        [
          0.0,
          1.0,
          0.0,
          0.6101718566412404
        ],
        [
          -0.35399970025084193,
          0.0,
          0.9352455357938438,
          0.1433387104922248
        ],
        [
          0.0,
          0.0,
          0.0,
          1.0
        ]
      ]
    },
    {
      "frame": 290,
      "timestamp": 19.333333333333332,
      "transform_4x4": [
        [
          0.9734021585735625,
          0.0,
          0.2291031158328694,
          0.226771624374295
        ],
        [
          0.0,
          1.0,
          0.0,
          0.6092959271128174
        ],
        [
          -0.2291031158328694,
          0.0,
          0.9734021585735625,
          0.14472868420021717
        ],
        [
          0.0,
          0.0,
          0.0,
          1.0
        ]
      ]
    },
    {
      "frame": 295,
      "timestamp": 19.666666666666668,
      "transform_4x4": [
        [
          0.9674021352843637,
          0.0,
          0.25324515522957936,
          0.22575212417530172
        ],
        [
          0.0,
          1.0,
          0.0,
          0.6034788010334339
        ],
        [
          -0.25324515522957936,
          0.0,
          0.9674021352843637,
          0.15558317664662732
        ],
        [
          0.0,
          0.0,
          0.0,
          1.0
        ]
      ]
    },
    {
      "frame": 300,
      "timestamp": 20.0,
      "transform_4x4": [
        [
          0.9655870169223223,
          0.0,
          0.260080204458261,
          0.22557576712918118
        ],
        [
          0.0,
          1.0,
          0.0,
          0.6027652410635519
        ],
        [
          -0.260080204458261,
          0.0,
          0.9655870169223223,
          0.15692117365340041
        ],
        [
          0.0,
          0.0,
          0.0,
          1.0
        ]
      ]
    },
    {
      "frame": 305,
      "timestamp": 20.333333333333332,
      "transform_4x4": [
        [
          0.9798624857983913,
          0.0,
          0.19967350581636342,
          0.22877705719209224
        ],
        [
          0.0,
          1.0,
          0.0,
          0.6066933557656363
        ],
        [
          -0.19967350581636342,
          0.0,
          0.9798624857983913,
          0.1490955415210161
        ],
        [
          0.0,
          0.0,
          0.0,
          1.0
        ]
      ]
    },
    {
      "frame": 310,
      "timestamp": 20.666666666666668,
      "transform_4x4": [
        [
          0.9697949313983955,
          0.0,
          0.2439216903720977,
          0.2253428256994648
        ],
        [
          0.0,
          1.0,
          0.0,
          0.6022462328338505
        ],
        [
          -0.2439216903720977,
          0.0,
          0.9697949313983955,
          0.1550834038949247
        ],
        [
          0.0,
          0.0,
          0.0,
          1.0
        ]
      ]
    },
    {
      "frame": 315,
      "timestamp": 21.0,
      "transform_4x4": [
        [
          0.9664793369888778,
          0.0,
          0.25674440826148337,
          0.2293597577243239
        ],
        [
          0.0,
          1.0,
          0.0,
          0.6062895381503693
        ],
        [
          -0.25674440826148337,
          0.0,
          0.9664793369888778,
          0.1488819583958959
        ],
        [
          0.0,
          0.0,
          0.0,
          1.0
        ]
      ]
    },
    {
      "frame": 320,
      "timestamp": 21.333333333333332,
      "transform_4x4": [
        [
          0.965522739216333,
          0.0,
          0.26031872782454374,
          0.22842933902484625
        ],
        [
          0.0,
          1.0,
          0.0,
          0.6037247021153686
        ],
        [
          -0.26031872782454374,
          0.0,
          0.965522739216333,
          0.15765910811608347
        ],
        [
          0.0,
          0.0,
          0.0,
          1.0
        ]
      ]
    },
    {
      "frame": 325,
      "timestamp": 21.666666666666668,
      "transform_4x4": [
        [
          0.9799968124203354,
          0.0,
          0.19901318460338735,
          0.22871873312638527
        ],
        [
          0.0,
          1.0,
          0.0,
          0.6077689230639195
        ],
        [
          -0.19901318460338735,
          0.0,
          0.9799968124203354,
          0.14828488898127337
        ],
        [
          0.0,
          0.0,
          0.0,
          1.0
        ]
      ]
    },
    {
      "frame": 330,
      "timestamp": 22.0,
      "transform_4x4": [
        [
          0.9525109534663747,
          0.0,
          0.30450432431507085,
          0.22892817068895735
        ],
        [
          0.0,
          1.0,
          0.0,
          0.6078641693229273
        ],
        [
          -0.30450432431507085,
          0.0,
          0.9525109534663747,
          0.1494669251281623
        ],
        [
          0.0,
          0.0,
          0.0,
          1.0
        ]
      ]
    },
    {
      "frame": 335,
      "timestamp": 22.333333333333332,
      "transform_4x4": [
        [
          0.9772596362125483,
          0.0,
          0.21204622946357207,
          0.22757973131015485
        ],
        [
          0.0,
          1.0,
          0.0,
          0.6055045172248376
        ],
        [
          -0.21204622946357207,
          0.0,
          0.9772596362125483,
          0.1449438512444368
        ],
        [
          0.0,
          0.0,
          0.0,
          1.0
        ]
      ]
    },
    {
      "frame": 340,
      "timestamp": 22.666666666666668,
      "transform_4x4": [
        [
          0.9691250746980079,
          0.0,
          0.24656964450552413,
          0.2247606806433826
        ],
        [
          0.0,
          1.0,
          0.0,
          0.6021278038380927
        ],
        [
          -0.24656964450552413,
          0.0,
          0.9691250746980079,
          0.15554429034077508
        ],
        [
          0.0,
          0.0,
          0.0,
          1.0
        ]
      ]
    },
    {
      "frame": 345,
      "timestamp": 23.0,
      "transform_4x4": [
        [
          0.9809211872244069,
          0.0,
          0.1944058241263876,
          0.22051576233106607
        ],
        [
          0.0,
          1.0,
          0.0,
          0.6047258875937269
        ],
        [
          -0.1944058241263876,
          0.0,
          0.9809211872244069,
          0.15541645139801158
        ],
        [
          0.0,
          0.0,
          0.0,
          1.0
        ]
      ]
    },
    {
      "frame": 350,
      "timestamp": 23.333333333333332,
      "transform_4x4": [
        [
          0.9704480539366303,
          0.0,
          0.24131012123532497,
          0.2234033174072303
        ],
        [
          0.0,
          1.0,
          0.0,
          0.6120151283113588
        ],
        [
          -0.24131012123532497,
          0.0,
          0.9704480539366303,
          0.14882559605381107
        ],
        [
          0.0,
          0.0,
          0.0,
          1.0
        ]
      ]
    },
    {
      "frame": 355,
      "timestamp": 23.666666666666668,
      "transform_4x4": [
        [
          0.966935828828489,
          0.0,
          0.25501980889288367,
          0.22415460830321826
        ],
        [
          0.0,
          1.0,
          0.0,
          0.6149361199178766
        ],
        [
          -0.25501980889288367,
          0.0,
          0.966935828828489,
          0.15135020506864397
        ],
        [
          0.0,
          0.0,
          0.0,
          1.0
        ]
      ]
    },
    {
      "frame": 360,
      "timestamp": 24.0,
      "transform_4x4": [
        [
          0.9473883317576088,
          0.0,
          0.32008647089424913,
          0.22412613036500653
        ],
        [
          0.0,
          1.0,
          0.0,
          0.6137716519004612
        ],
        [
          -0.32008647089424913,
          0.0,
          0.9473883317576088,
          0.14909389981724466
        ],
        [
          0.0,
          0.0,
          0.0,
          1.0
        ]
      ]
    },
    {
      "frame": 365,
      "timestamp": 24.333333333333332,
      "transform_4x4": [
        [
          0.9605612992055549,
          0.0,
          0.2780683197858692,
          0.22262330625085436
        ],
        [
          0.0,
          1.0,
          0.0,
          0.6066764287325058
        ],
        [
          -0.2780683197858692,
          0.0,
          0.9605612992055549,
          0.1569858467841684
        ],
        [
          0.0,
          0.0,
          0.0,
          1.0
        ]
      ]
    },
    {
      "frame": 370,
      "timestamp": 24.666666666666668,
      "transform_4x4": [
        [
          0.9791237601078703,
          0.0,
          0.20326500533103525,
          0.22331082427409557
        ],
        [
          0.0,
          1.0,
          0.0,
          0.6108426634281775
        ],
        [
          -0.20326500533103525,
          0.0,
          0.9791237601078703,
          0.14787340269370836
        ],
        [
          0.0,
          0.0,
          0.0,
          1.0
        ]
      ]
    },
    {
      "frame": 375,
      "timestamp": 25.0,
      "transform_4x4": [
        [
          0.9699444394613173,
          0.0,
          0.24332649744339613,
          0.21859576313901943
        ],
        [
          0.0,
          1.0,
          0.0,
