{
  "object": "pipette",
  "sequence": "grasp_pipette_rotate__2026_0701_0025_42",
  "num_frames": 71,
  "fps": 15.0,
  "method": "DLT triangulation + mesh silhouette yaw + Kalman filter",
  "trajectory": [
    {
      "frame": 0,
      "timestamp": 0.0,
      "transform_4x4": [
        [
          0.766044443118978,
          0.0,
          -0.6427876096865393,
          0.009917269295133327
        ],
        [
          0.0,
          1.0,
          0.0,
          0.2427220766587463
        ],
        [
          0.6427876096865393,
          0.0,
          0.766044443118978,
          0.18583059749398478
        ],
        [
          0.0,
          0.0,
          0.0,
          1.0
        ]
      ]
    },
    {
      "frame": 5,
      "timestamp": 0.3333333333333333,
      "transform_4x4": [
        [
          -0.6171023307167542,
          0.0,
          -0.7868829096021528,
          0.13470738532696624
        ],
        [
          0.0,
          1.0,
          0.0,
          0.6204530113048389
        ],
        [
          0.7868829096021528,
          0.0,
          -0.6171023307167542,
          -0.1570810811123532
        ],
        [
          0.0,
          0.0,
          0.0,
          1.0
        ]
      ]
    },
    {
      "frame": 10,
      "timestamp": 0.6666666666666666,
      "transform_4x4": [
        [
          -0.9957779028136353,
          0.0,
          -0.0917952518819917,
          0.13125551098975763
        ],
        [
          0.0,
          1.0,
          0.0,
          0.6403107704546425
        ],
        [
          0.0917952518819917,
          0.0,
          -0.9957779028136353,
          -0.1511595514916838
        ],
        [
          0.0,
          0.0,
          0.0,
          1.0
        ]
      ]
    },
    {
      "frame": 15,
      "timestamp": 1.0,
      "transform_4x4": [
        [
          -0.9962873284249747,
          0.0,
          -0.08609041305410618,
          0.13056792612797888
        ],
        [
          0.0,
          1.0,
          0.0,
          0.6406693479232609
        ],
        [
          0.08609041305410618,
          0.0,
          -0.9962873284249747,
          -0.15062719379396686
        ],
        [
          0.0,
          0.0,
          0.0,
          1.0
        ]
      ]
    },
    {
      "frame": 20,
      "timestamp": 1.3333333333333333,
      "transform_4x4": [
        [
          -0.9854676030568957,
          0.0,
          0.1698634843787698,
          0.13040386652778269
        ],
        [
          0.0,
          1.0,
          0.0,
          0.6403206731901755
        ],
        [
          -0.1698634843787698,
          0.0,
          -0.9854676030568957,
          -0.14977580114643593
        ],
        [
          0.0,
          0.0,
          0.0,
          1.0
        ]
      ]
    },
    {
      "frame": 25,
      "timestamp": 1.6666666666666667,
      "transform_4x4": [
        [
          -0.9733406356441883,
          0.0,
          0.22936435425708054,
          0.13504252109171355
        ],
        [
          0.0,
          1.0,
          0.0,
          0.6364733098756152
        ],
        [
          -0.22936435425708054,
          0.0,
          -0.9733406356441883,
          -0.160068558393117
        ],
        [
          0.0,
          0.0,
          0.0,
          1.0
        ]
      ]
    },
    {
      "frame": 30,
      "timestamp": 2.0,
      "transform_4x4": [
        [
          -0.9942609401530876,
          0.0,
          0.10698216153124875,
          0.13084036849392697
        ],
        [
          0.0,
          1.0,
          0.0,
          0.6403525974833278
        ],
        [
          -0.10698216153124875,
          0.0,
          -0.9942609401530876,
          -0.15061747300540107
        ],
        [
          0.0,
          0.0,
          0.0,
          1.0
        ]
      ]
    },
    {
      "frame": 35,
      "timestamp": 2.3333333333333335,
      "transform_4x4": [
        [
          -0.9979091375837724,
          0.0,
          0.06463244639352198,
          0.13463882294192595
        ],
        [
          0.0,
          1.0,
          0.0,
          0.6394845765407702
        ],
        [
          -0.06463244639352198,
          0.0,
          -0.9979091375837724,
          -0.15716329850823052
        ],
        [
          0.0,
          0.0,
          0.0,
          1.0
        ]
      ]
    },
    {
      "frame": 40,
      "timestamp": 2.6666666666666665,
      "transform_4x4": [
        [
          -0.9965700321576201,
          0.0,
          -0.082753676687868,
          0.1305105894542534
        ],
        [
          0.0,
          1.0,
          0.0,
          0.640032341926412
        ],
        [
          0.082753676687868,
          0.0,
          -0.9965700321576201,
          -0.1512388764275405
        ],
        [
          0.0,
          0.0,
          0.0,
          1.0
        ]
      ]
    },
    {
      "frame": 45,
      "timestamp": 3.0,
      "transform_4x4": [
        [
          -0.9916572719663288,
          0.0,
          -0.12890250174569418,
          0.13029667409189255
        ],
        [
          0.0,
          1.0,
          0.0,
          0.6393159130029568
        ],
        [
          0.12890250174569418,
          0.0,
          -0.9916572719663288,
          -0.1510200752306789
        ],
        [
          0.0,
          0.0,
          0.0,
          1.0
        ]
      ]
    },
    {
      "frame": 50,
      "timestamp": 3.3333333333333335,
      "transform_4x4": [
        [
          -0.9935845997786813,
          0.0,
          0.11309130418665127,
          0.13028444610008735
        ],
        [
          0.0,
          1.0,
          0.0,
          0.639589795980049
        ],
        [
          -0.11309130418665127,
          0.0,
          -0.9935845997786813,
          -0.15025971773637584
        ],
        [
          0.0,
          0.0,
          0.0,
          1.0
        ]
      ]
    },
    {
      "frame": 55,
      "timestamp": 3.6666666666666665,
      "transform_4x4": [
        [
          -0.9986041173013888,
          0.0,
          0.05281871740883375,
          0.13038833794858298
        ],
        [
          0.0,
          1.0,
          0.0,
          0.6409375098862893
        ],
        [
          -0.05281871740883375,
          0.0,
          -0.9986041173013888,
          -0.1487543232742505
        ],
        [
          0.0,
          0.0,
          0.0,
          1.0
        ]
      ]
    },
    {
      "frame": 60,
      "timestamp": 4.0,
      "transform_4x4": [
        [
          -0.9870067384951595,
          0.0,
          0.1606788665791114,
          0.13038553773151126
        ],
        [
          0.0,
          1.0,
          0.0,
          0.639846372377363
        ],
        [
          -0.1606788665791114,
          0.0,
          -0.9870067384951595,
          -0.1494990979891888
        ],
        [
          0.0,
          0.0,
          0.0,
          1.0
        ]
      ]
    },
    {
      "frame": 65,
      "timestamp": 4.333333333333333,
      "transform_4x4": [
        [
          -0.9978198528115471,
          0.0,
          -0.06599652517475889,
          0.13011589260192222
        ],
        [
          0.0,
          1.0,
          0.0,
          0.6383381438215999
        ],
        [
          0.06599652517475889,
          0.0,
          -0.9978198528115471,
          -0.15103876861103635
        ],
        [
          0.0,
          0.0,
          0.0,
          1.0
        ]
      ]
    },
    {
      "frame": 70,
      "timestamp": 4.666666666666667,
      "transform_4x4": [
        [
          -0.9909530050824632,
          0.0,
          -0.1342093205333956,
          0.13018539114359115
        ],
        [
          0.0,
          1.0,
          0.0,
          0.6390141059901792
        ],
        [
          0.1342093205333956,
          0.0,
          -0.9909530050824632,
          -0.1504755319544028
        ],
        [
          0.0,
          0.0,
          0.0,
          1.0
        ]
      ]
    },
    {
      "frame": 75,
      "timestamp": 5.0,
      "transform_4x4": [
        [
          -0.9993322172929632,
          0.0,
          0.0365392868065287,
          0.1302240288468027
        ],
        [
          0.0,
          1.0,
          0.0,
          0.6394237909708175
        ],
        [
          -0.0365392868065287,
          0.0,
          -0.9993322172929632,
          -0.15010301157715147
        ],
        [
          0.0,
          0.0,
          0.0,
          1.0
        ]
      ]
    },
    {
      "frame": 80,
      "timestamp": 5.333333333333333,
      "transform_4x4": [
        [
          -0.9943439612285497,
          0.0,
          -0.10620775286350982,
          0.13005895681854507
        ],
        [
          0.0,
          1.0,
          0.0,
          0.6401893855123353
        ],
        [
          0.10620775286350982,
          0.0,
          -0.9943439612285497,
          -0.1494232660007964
        ],
        [
          0.0,
          0.0,
          0.0,
          1.0
        ]
      ]
    },
    {
      "frame": 85,
      "timestamp": 5.666666666666667,
      "transform_4x4": [
        [
          -0.9997704761876065,
          0.0,
          -0.0214241672791866,
          0.13089547493094902
        ],
        [
          0.0,
          1.0,
          0.0,
          0.6443286997800428
        ],
        [
          0.0214241672791866,
          0.0,
          -0.9997704761876065,
          -0.14731123967685011
        ],
        [
          0.0,
          0.0,
          0.0,
          1.0
        ]
      ]
    },
    {
      "frame": 90,
      "timestamp": 6.0,
      "transform_4x4": [
        [
          -0.9921693201467974,
          0.0,
          -0.12490012073429686,
          0.1300907276468476
        ],
        [
          0.0,
          1.0,
          0.0,
          0.6392436179326477
        ],
        [
          0.12490012073429686,
          0.0,
          -0.9921693201467974,
          -0.1506399330104534
        ],
        [
          0.0,
          0.0,
          0.0,
          1.0
        ]
      ]
    },
    {
      "frame": 95,
      "timestamp": 6.333333333333333,
      "transform_4x4": [
        [
          -0.9877768463634973,
          0.0,
          -0.1558746348453909,
          0.13033505625348568
        ],
        [
          0.0,
          1.0,
          0.0,
          0.6389041260143653
        ],
        [
          0.1558746348453909,
          0.0,
          -0.9877768463634973,
          -0.15087693917556236
        ],
        [
          0.0,
          0.0,
          0.0,
          1.0
        ]
      ]
    },
    {
      "frame": 100,
      "timestamp": 6.666666666666667,
      "transform_4x4": [
        [
          -0.9959800951281073,
          0.0,
          0.0895748296599356,
          0.13004797967883852
        ],
        [
          0.0,
          1.0,
          0.0,
          0.6388871357739571
        ],
        [
          -0.0895748296599356,
          0.0,
          -0.9959800951281073,
          -0.1513464987356823
        ],
        [
          0.0,
          0.0,
          0.0,
          1.0
        ]
      ]
    },
    {
      "frame": 105,
      "timestamp": 7.0,
      "transform_4x4": [
        [
          -0.9995421361513674,
          0.0,
          -0.03025752894671421,
          0.13496314239497312
        ],
        [
          0.0,
          1.0,
          0.0,
          0.6337835975126618
        ],
        [
          0.03025752894671421,
          0.0,
          -0.9995421361513674,
          -0.1627650651756013
        ],
        [
          0.0,
          0.0,
          0.0,
          1.0
        ]
      ]
    },
    {
      "frame": 110,
      "timestamp": 7.333333333333333,
      "transform_4x4": [
        [
          -0.9921485553552063,
          0.0,
          0.12506495954733707,
          0.13103328409026896
        ],
        [
          0.0,
          1.0,
          0.0,
          0.6387205183629427
        ],
        [
          -0.12506495954733707,
          0.0,
          -0.9921485553552063,
          -0.15193907963790226
        ],
        [
          0.0,
          0.0,
          0.0,
          1.0
        ]
      ]
    },
    {
      "frame": 115,
      "timestamp": 7.666666666666667,
      "transform_4x4": [
        [
          -0.9854939351855286,
          0.0,
          0.1697106470217503,
          0.1304915837222607
        ],
        [
          0.0,
          1.0,
          0.0,
          0.6396404828397405
        ],
        [
          -0.1697106470217503,
          0.0,
          -0.9854939351855286,
          -0.15017065425089696
        ],
        [
          0.0,
          0.0,
          0.0,
          1.0
        ]
      ]
    },
    {
      "frame": 120,
      "timestamp": 8.0,
      "transform_4x4": [
        [
          -0.9984845281678403,
          0.0,
          0.05503314464434393,
          0.13449407822185866
        ],
        [
          0.0,
          1.0,
          0.0,
          0.6393015326014724
        ],
        [
          -0.05503314464434393,
          0.0,
          -0.9984845281678403,
          -0.15777124148864533
        ],
        [
          0.0,
          0.0,
          0.0,
          1.0
        ]
      ]
    },
    {
      "frame": 125,
      "timestamp": 8.333333333333334,
      "transform_4x4": [
        [
          -0.9890583706145549,
          0.0,
          0.14752470815860566,
          0.1309177302574549
        ],
        [
          0.0,
          1.0,
          0.0,
          0.6406610729760536
        ],
        [
          -0.14752470815860566,
          0.0,
          -0.9890583706145549,
          -0.151205297529586
        ],
        [
          0.0,
          0.0,
          0.0,
          1.0
        ]
      ]
    },
    {
      "frame": 130,
      "timestamp": 8.666666666666666,
      "transform_4x4": [
        [
          -0.9895502172811672,
          0.0,
          -0.1441886523926025,
          0.13012603211865595
        ],
        [
          0.0,
          1.0,
          0.0,
          0.6382502990742442
        ],
        [
          0.1441886523926025,
          0.0,
          -0.9895502172811672,
          -0.151826106854303
        ],
        [
          0.0,
          0.0,
          0.0,
          1.0
        ]
      ]
    },
    {
      "frame": 135,
      "timestamp": 9.0,
      "transform_4x4": [
        [
          -0.9860089556673929,
          0.0,
          -0.1666923493856192,
          0.1298963755800506
        ],
        [
          0.0,
          1.0,
          0.0,
          0.639845901432107
        ],
        [
          0.1666923493856192,
          0.0,
          -0.9860089556673929,
          -0.15035763756650422
        ],
        [
          0.0,
          0.0,
          0.0,
          1.0
        ]
      ]
    },
    {
      "frame": 140,
      "timestamp": 9.333333333333334,
      "transform_4x4": [
        [
          -0.984887313732852,
          0.0,
          -0.17319636037771352,
          0.1303045563008716
        ],
        [
          0.0,
          1.0,
          0.0,
          0.6401593544936836
        ],
        [
          0.17319636037771352,
          0.0,
          -0.984887313732852,
          -0.14919473146714182
        ],
        [
          0.0,
          0.0,
          0.0,
          1.0
        ]
      ]
    },
    {
      "frame": 145,
      "timestamp": 9.666666666666666,
      "transform_4x4": [
        [
          -0.9845739651868084,
          0.0,
          -0.17496887459295535,
          0.13028166397806107
        ],
        [
          0.0,
          1.0,
          0.0,
          0.6398250594618681
        ],
        [
          0.17496887459295535,
          0.0,
          -0.9845739651868084,
          -0.14992113845080973
        ],
        [
          0.0,
          0.0,
          0.0,
          1.0
        ]
      ]
    },
    {
      "frame": 150,
      "timestamp": 10.0,
      "transform_4x4": [
        [
          -0.9845061247085284,
          0.0,
          -0.17535019364516133,
          0.13025627569974238
        ],
        [
          0.0,
          1.0,
          0.0,
          0.6385597859754523
        ],
        [
          0.17535019364516133,
          0.0,
          -0.9845061247085284,
          -0.15072668904205663
        ],
        [
          0.0,
          0.0,
          0.0,
          1.0
        ]
      ]
    },
    {
      "frame": 155,
      "timestamp": 10.333333333333334,
      "transform_4x4": [
        [
          -0.9988260380241234,
          0.0,
          -0.04844115775900188,
          0.13100587122192606
        ],
        [
          0.0,
          1.0,
          0.0,
          0.6407326808411627
        ],
        [
          0.04844115775900188,
          0.0,
          -0.9988260380241234,
          -0.15020202491409476
        ],
        [
          0.0,
          0.0,
          0.0,
          1.0
        ]
      ]
    },
    {
      "frame": 160,
      "timestamp": 10.666666666666666,
      "transform_4x4": [
        [
          -0.9999416352265899,
          0.0,
          -0.010803987244229787,
          0.13105317130081498
        ],
        [
          0.0,
          1.0,
          0.0,
          0.6376041203208872
        ],
        [
          0.010803987244229787,
          0.0,
          -0.9999416352265899,
          -0.1542893241388601
        ],
        [
          0.0,
          0.0,
          0.0,
          1.0
        ]
      ]
    },
    {
      "frame": 165,
      "timestamp": 11.0,
      "transform_4x4": [
        [
          -0.9816969287997155,
          0.0,
          -0.19044983587602907,
          0.13084393135827144
        ],
        [
          0.0,
          1.0,
          0.0,
          0.63758810860667
        ],
        [
          0.19044983587602907,
          0.0,
          -0.9816969287997155,
          -0.1541129933151895
        ],
        [
          0.0,
          0.0,
          0.0,
          1.0
        ]
      ]
    },
    {
      "frame": 170,
      "timestamp": 11.333333333333334,
      "transform_4x4": [
        [
          -0.9836418339506465,
          0.0,
          -0.18013534495542183,
          0.13415267961323096
        ],
        [
          0.0,
          1.0,
          0.0,
          0.6324003047375215
        ],
        [
          0.18013534495542183,
          0.0,
          -0.9836418339506465,
          -0.1649357365325202
        ],
        [
          0.0,
          0.0,
          0.0,
          1.0
        ]
      ]
    },
    {
      "frame": 175,
      "timestamp": 11.666666666666666,
      "transform_4x4": [
        [
          -0.9987465937470424,
          0.0,
          -0.05005238734246565,
          0.13089103179797867
        ],
        [
          0.0,
          1.0,
          0.0,
          0.6395124436518704
        ],
        [
          0.05005238734246565,
          0.0,
          -0.9987465937470424,
          -0.15179373098207935
        ],
        [
          0.0,
          0.0,
          0.0,
          1.0
        ]
      ]
    },
    {
      "frame": 180,
      "timestamp": 12.0,
      "transform_4x4": [
        [
          -0.999934655882104,
          0.0,
          -0.011431708793455767,
          0.13505581695798624
        ],
        [
          0.0,
          1.0,
          0.0,
          0.6379079399045181
        ],
        [
          0.011431708793455767,
          0.0,
          -0.999934655882104,
          -0.15969270791592682
        ],
        [
          0.0,
          0.0,
          0.0,
          1.0
        ]
      ]
    },
    {
      "frame": 185,
      "timestamp": 12.333333333333334,
      "transform_4x4": [
        [
          -0.9979774005551686,
          0.0,
          0.06356970961982243,
          0.13554516868533445
        ],
        [
          0.0,
          1.0,
          0.0,
          0.6358192805566861
        ],
        [
          -0.06356970961982243,
          0.0,
          -0.9979774005551686,
          -0.1628725253637429
        ],
        [
          0.0,
          0.0,
          0.0,
          1.0
        ]
      ]
    },
    {
      "frame": 190,
      "timestamp": 12.666666666666666,
      "transform_4x4": [
        [
          -0.9943587087078056,
          0.0,
          -0.1060695923294951,
          0.13037001065893805
        ],
        [
          0.0,
          1.0,
          0.0,
          0.6396130399321134
        ],
        [
          0.1060695923294951,
          0.0,
          -0.9943587087078056,
          -0.15151009450818848
        ],
        [
          0.0,
          0.0,
          0.0,
          1.0
        ]
      ]
    },
    {
      "frame": 195,
      "timestamp": 13.0,
      "transform_4x4": [
        [
          -0.9993855498406335,
          0.0,
          0.03505028915336574,
          0.13011876959374333
        ],
        [
          0.0,
          1.0,
          0.0,
          0.6395813090482815
        ],
        [
          -0.03505028915336574,
          0.0,
          -0.9993855498406335,
          -0.14938853764827315
        ],
        [
          0.0,
          0.0,
          0.0,
          1.0
        ]
      ]
    },
    {
      "frame": 200,
      "timestamp": 13.333333333333334,
      "transform_4x4": [
        [
          -0.9933889463882702,
          0.0,
          -0.11479721770845513,
          0.12987775209059058
        ],
        [
          0.0,
          1.0,
          0.0,
          0.639383562845821
        ],
        [
          0.11479721770845513,
          0.0,
          -0.9933889463882702,
          -0.15034051393984788
        ],
        [
          0.0,
          0.0,
          0.0,
          1.0
        ]
      ]
    },
    {
      "frame": 205,
      "timestamp": 13.666666666666666,
      "transform_4x4": [
        [
          -0.9873128530779336,
          0.0,
          -0.15878705912986354,
          0.13006605191250506
        ],
        [
          0.0,
          1.0,
          0.0,
          0.6400337077289197
        ],
        [
          0.15878705912986354,
          0.0,
          -0.9873128530779336,
          -0.14951759327124903
        ],
        [
          0.0,
          0.0,
          0.0,
          1.0
        ]
      ]
    },
    {
      "frame": 210,
      "timestamp": 14.0,
      "transform_4x4": [
        [
          -0.996548050377796,
          0.0,
          0.08301796967050994,
          0.12986689619865682
        ],
        [
          0.0,
          1.0,
          0.0,
          0.6391707885903305
        ],
        [
          -0.08301796967050994,
          0.0,
          -0.996548050377796,
          -0.1502168876037303
        ],
        [
          0.0,
          0.0,
          0.0,
          1.0
        ]
      ]
    },
    {
      "frame": 215,
      "timestamp": 14.333333333333334,
      "transform_4x4": [
        [
          -0.9949052918942611,
          0.0,
          -0.1008139879222875,
          0.13006997479974497
        ],
        [
          0.0,
          1.0,
          0.0,
          0.6392162977593698
        ],
        [
          0.1008139879222875,
          0.0,
          -0.9949052918942611,
          -0.14928735194182569
        ],
        [
          0.0,
          0.0,
          0.0,
          1.0
        ]
      ]
    },
    {
      "frame": 220,
      "timestamp": 14.666666666666666,
      "transform_4x4": [
        [
          -0.9879349314123186,
          0.0,
          -0.15486952991256042,
          0.13001547171837902
        ],
        [
          0.0,
          1.0,
          0.0,
          0.6389773666155432
        ],
        [
          0.15486952991256042,
          0.0,
          -0.9879349314123186,
          -0.14955878576175446
        ],
        [
          0.0,
          0.0,
          0.0,
          1.0
        ]
      ]
    },
    {
      "frame": 225,
      "timestamp": 15.0,
      "transform_4x4": [
        [
          -0.9990464238790605,
          0.0,
          -0.04366054207703561,
          0.13084704349042908
        ],
        [
          0.0,
          1.0,
          0.0,
          0.636898500888672
        ],
        [
          0.04366054207703561,
          0.0,
          -0.9990464238790605,
          -0.15310048015149202
        ],
        [
          0.0,
          0.0,
          0.0,
          1.0
        ]
      ]
    },
    {
      "frame": 230,
      "timestamp": 15.333333333333334,
      "transform_4x4": [
        [
          -0.9904375411297904,
          0.0,
          -0.13796186835779872,
          0.13023397348387544
        ],
        [
          0.0,
          1.0,
          0.0,
          0.6388237564609356
        ],
        [
          0.13796186835779872,
          0.0,
          -0.9904375411297904,
          -0.15021168675793592
        ],
        [
          0.0,
          0.0,
          0.0,
          1.0
        ]
      ]
    },
    {
      "frame": 235,
      "timestamp": 15.666666666666666,
      "transform_4x4": [
        [
          -0.9736174571984287,
          0.0,
          -0.2281864304433238,
          0.12991726175895418
        ],
        [
          0.0,
          1.0,
          0.0,
          0.63832340191935
        ],
        [
          0.2281864304433238,
          0.0,
          -0.9736174571984287,
          -0.15088261840050193
        ],
        [
          0.0,
          0.0,
          0.0,
          1.0
        ]
      ]
    },
    {
      "frame": 240,
      "timestamp": 16.0,
      "transform_4x4": [
        [
          -0.9814032241224281,
          0.0,
          -0.19195757781891082,
          0.1302392468310044
        ],
        [
          0.0,
          1.0,
          0.0,
          0.6390569346075596
        ],
        [
          0.19195757781891082,
          0.0,
          -0.9814032241224281,
          -0.15040943749230867
        ],
        [
          0.0,
          0.0,
          0.0,
          1.0
        ]
      ]
    },
    {
      "frame": 245,
      "timestamp": 16.333333333333332,
      "transform_4x4": [
        [
          -0.9834990725465557,
          0.0,
          -0.18091316784597225,
          0.1303071121302104
        ],
        [
          0.0,
          1.0,
          0.0,
          0.6400638608204627
        ],
        [
          0.18091316784597225,
          0.0,
          -0.9834990725465557,
          -0.15003545320871617
        ],
        [
          0.0,
          0.0,
          0.0,
          1.0
        ]
      ]
    },
    {
      "frame": 250,
      "timestamp": 16.666666666666668,
      "transform_4x4": [
        [
          -0.9970252739533407,
          0.0,
          0.07707530796737601,
          0.13012735451603685
        ],
        [
          0.0,
          1.0,
          0.0,
          0.639779102003845
        ],
        [
          -0.07707530796737601,
          0.0,
          -0.9970252739533407,
          -0.15019063446598935
        ],
        [
          0.0,
          0.0,
          0.0,
          1.0
        ]
      ]
    },
    {
      "frame": 255,
      "timestamp": 17.0,
      "transform_4x4": [
        [
          -0.9947916831749352,
          0.0,
          -0.10192893154536373,
          0.13460993418377085
        ],
        [
          0.0,
          1.0,
          0.0,
          0.6363150779008673
        ],
        [
          0.10192893154536373,
          0.0,
          -0.9947916831749352,
          -0.16092262459860257
        ],
        [
          0.0,
          0.0,
          0.0,
          1.0
        ]
      ]
    },
    {
      "frame": 260,
      "timestamp": 17.333333333333332,
      "transform_4x4": [
        [
          -0.9879744291874262,
          0.0,
          -0.15461735760185324,
          0.13088537107714415
        ],
        [
          0.0,
          1.0,
          0.0,
          0.6387815218981697
        ],
        [
          0.15461735760185324,
          0.0,
          -0.9879744291874262,
          -0.15169186921172417
        ],
        [
          0.0,
          0.0,
          0.0,
          1.0
        ]
      ]
    },
    {
      "frame": 265,
      "timestamp": 17.666666666666668,
      "transform_4x4": [
        [
          -0.9942860029272934,
          0.0,
          -0.10674897836919224,
          0.1300441921093615
        ],
        [
          0.0,
          1.0,
          0.0,
          0.6388619877118513
        ],
        [
          0.10674897836919224,
          0.0,
          -0.9942860029272934,
          -0.15133764514516396
        ],
        [
          0.0,
          0.0,
          0.0,
          1.0
        ]
      ]
    },
    {
      "frame": 270,
      "timestamp": 18.0,
      "transform_4x4": [
        [
          -0.9877771318599472,
          0.0,
          -0.1558728256449356,
          0.1299665419729509
        ],
        [
          0.0,
          1.0,
          0.0,
          0.6392966724681549
        ],
        [
          0.1558728256449356,
          0.0,
          -0.9877771318599472,
          -0.15088865790250064
        ],
        [
          0.0,
          0.0,
          0.0,
          1.0
        ]
      ]
    },
    {
      "frame": 275,
      "timestamp": 18.333333333333332,
      "transform_4x4": [
        [
          -0.9854049484957166,
          0.0,
          -0.17022657689137194,
          0.13015065933884865
        ],
        [
          0.0,
          1.0,
          0.0,
          0.6399305922453793
        ],
        [
          0.17022657689137194,
          0.0,
          -0.9854049484957166,
          -0.15050968474815024
        ],
        [
          0.0,
          0.0,
          0.0,
          1.0
        ]
      ]
    },
    {
      "frame": 280,
      "timestamp": 18.666666666666668,
      "transform_4x4": [
        [
          -0.9998647341409788,
          0.0,
          0.016447292214520275,
          0.13576709528052974
        ],
        [
          0.0,
          1.0,
          0.0,
          0.6391723702659082
        ],
        [
          -0.016447292214520275,
          0.0,
          -0.9998647341409788,
          -0.1587004464600606
        ],
        [
          0.0,
          0.0,
          0.0,
          1.0
        ]
      ]
    },
    {
      "frame": 285,
      "timestamp": 19.0,
      "transform_4x4": [
        [
          -0.9928120533393856,
          0.0,
          -0.1196838616691196,
          0.1364097256682792
        ],
        [
          0.0,
          1.0,
          0.0,
          0.6371243139508761
        ],
        [
          0.1196838616691196,
          0.0,
          -0.9928120533393856,
          -0.1631252754917004
        ],
        [
          0.0,
          0.0,
          0.0,
          1.0
        ]
      ]
    },
    {
      "frame": 290,
      "timestamp": 19.333333333333332,
      "transform_4x4": [
        [
          -0.9994686243712277,
          0.0,
          -0.032595534931731444,
          0.13640968472918488
        ],
        [
          0.0,
          1.0,
          0.0,
          0.6370645640728787
        ],
        [
          0.032595534931731444,
          0.0,
          -0.9994686243712277,
          -0.16376805516769266
        ],
        [
          0.0,
          0.0,
          0.0,
          1.0
        ]
      ]
    },
    {
      "frame": 295,
      "timestamp": 19.666666666666668,
      "transform_4x4": [
        [
          -0.99749631303406,
          0.0,
          -0.07071849463511402,
          0.1353249944357509
        ],
        [
          0.0,
          1.0,
          0.0,
          0.6411423951008469
        ],
        [
          0.07071849463511402,
          0.0,
          -0.99749631303406,
          -0.1568532140401665
        ],
        [
          0.0,
          0.0,
          0.0,
          1.0
        ]
      ]
    },
    {
      "frame": 300,
      "timestamp": 20.0,
      "transform_4x4": [
        [
          -0.999832836361834,
          0.0,
          -0.018283854425423383,
          0.1356735337555887
        ],
        [
          0.0,
          1.0,
          0.0,
          0.6344281552496573
        ],
        [
          0.018283854425423383,
          0.0,
          -0.999832836361834,
          -0.16424829886392417
        ],
        [
          0.0,
          0.0,
          0.0,
          1.0
        ]
      ]
    },
    {
      "frame": 305,
      "timestamp": 20.333333333333332,
      "transform_4x4": [
        [
          -0.9922181610585143,
          0.0,
          0.12451152904715365,
          0.1303621485643279
        ],
        [
          0.0,
          1.0,
          0.0,
          0.6391250040864028
        ],
        [
          -0.12451152904715365,
          0.0,
          -0.9922181610585143,
          -0.1509130126500792
        ],
        [
          0.0,
          0.0,
          0.0,
          1.0
        ]
      ]
    },
    {
      "frame": 310,
      "timestamp": 20.666666666666668,
      "transform_4x4": [
        [
          -0.9960555486875645,
          0.0,
          -0.08873186535126347,
          0.12966628831544386
        ],
        [
          0.0,
          1.0,
          0.0,
          0.6401190343966536
        ],
        [
          0.08873186535126347,
          0.0,
          -0.9960555486875645,
          -0.14917677118765227
        ],
        [
          0.0,
          0.0,
          0.0,
          1.0
        ]
      ]
    },
    {
      "frame": 315,
      "timestamp": 21.0,
      "transform_4x4": [
        [
          -0.9997029693397366,
          0.0,
          -0.024371563210302857,
          0.1338691870136578
        ],
        [
          0.0,
          1.0,
          0.0,
          0.6309143056943505
        ],
        [
          0.024371563210302857,
          0.0,
          -0.9997029693397366,
          -0.1648048593286039
        ],
        [
          0.0,
          0.0,
          0.0,
          1.0
        ]
      ]
    },
    {
      "frame": 320,
      "timestamp": 21.333333333333332,
      "transform_4x4": [
        [
          -0.9999855220191635,
          0.0,
          -0.005381054920836118,
          0.13053691634971687
        ],
        [
          0.0,
          1.0,
          0.0,
          0.6393759600164484
        ],
        [
          0.005381054920836118,
          0.0,
          -0.9999855220191635,
          -0.15133606797948299
        ],
        [
          0.0,
          0.0,
          0.0,
          1.0
        ]
      ]
    },
    {
      "frame": 325,
      "timestamp": 21.666666666666668,
      "transform_4x4": [
        [
          -0.9918377946111616,
          0.0,
          0.12750603586053125,
          0.1305146288031123
        ],
        [
          0.0,
          1.0,
          0.0,
          0.6394084661144869
        ],
        [
          -0.12750603586053125,
          0.0,
          -0.9918377946111616,
          -0.14948948130485729
        ],
        [
          0.0,
          0.0,
          0.0,
          1.0
        ]
      ]
    },
    {
      "frame": 330,
      "timestamp": 22.0,
      "transform_4x4": [
        [
          -0.9992366501835067,
          0.0,
          0.03906554658576051,
          0.13164643656431294
        ],
        [
          0.0,
          1.0,
          0.0,
          0.6430818296137308
        ],
        [
          -0.03906554658576051,
          0.0,
          -0.9992366501835067,
          -0.1491854309198394
        ],
        [
          0.0,
          0.0,
          0.0,
          1.0
        ]
      ]
    },
    {
      "frame": 335,
      "timestamp": 22.333333333333332,
      "transform_4x4": [
        [
          -0.999921440460121,
          0.0,
          0.012534468802336394,
          0.13517134222571633
        ],
        [
          0.0,
          1.0,
          0.0,
          0.6417777267287315
        ],
        [
          -0.012534468802336394,
          0.0,
          -0.999921440460121,
          -0.15551307336641312
        ],
        [
          0.0,
          0.0,
          0.0,
          1.0
        ]
      ]
    },
    {
      "frame": 340,
      "timestamp": 22.666666666666668,
      "transform_4x4": [
        [
          -0.9999896929990385,
          0.0,
          0.004540252822115821,
          0.13259116160852535
        ],
        [
          0.0,
          1.0,
          0.0,
          0.6435912011984602
        ],
        [
          -0.004540252822115821,
          0.0,
          -0.9999896929990385,
          -0.14905077414695242
        ],
        [
          0.0,
          0.0,
          0.0,
          1.0
        ]
      ]
    },
    {
      "frame": 345,
      "timestamp": 23.0,
      "transform_4x4": [
        [
          -0.9999978402999686,
          0.0,
          0.002078315519476526,
          0.13172381556464535
        ],
        [
          0.0,
          1.0,
          0.0,
          0.6440798803139167
        ],
        [
          -0.002078315519476526,
          0.0,
          -0.9999978402999686,
          -0.1481992648109766
        ],
        [
          0.0,
          0.0,
          0.0,
          1.0
        ]
      ]
    },
    {
      "frame": 350,
      "timestamp": 23.333333333333332,
      "transform_4x4": [
        [
          -0.9978781165354477,
          0.0,
          0.06510963476834612,
          0.13156578340831396
        ],
        [
          0.0,
          1.0,
          0.0,
          0.6424058287643707
        ],
        [
          -0.06510963476834612,
          0.0,
          -0.9978781165354477,
          -0.14862173266932624
        ],
        [
          0.0,
          0.0,
          0.0,
          1.0
        ]
      ]
    }
  ]
}