{
  "object": "pipette",
  "sequence": "grasp_pipette_stand__2026_0701_0019_19",
  "num_frames": 52,
  "fps": 15.0,
  "method": "DLT triangulation + mesh silhouette yaw + Kalman filter",
  "trajectory": [
    {
      "frame": 0,
      "timestamp": 0.0,
      "transform_4x4": [
        [
          -0.9063077870366499,
          0.0,
          -0.4226182617406995,
          0.026195409876525792
        ],
        [
          0.0,
          1.0,
          0.0,
          0.23134120537624792
        ],
        [
          0.4226182617406995,
          0.0,
          -0.9063077870366499,
          0.17820019195778675
        ],
        [
          0.0,
          0.0,
          0.0,
          1.0
        ]
      ]
    },
    {
      "frame": 5,
      "timestamp": 0.3333333333333333,
      "transform_4x4": [
        [
          0.978381093066302,
          0.0,
          0.20681014658470687,
          0.18001952921670558
        ],
        [
          0.0,
          1.0,
          0.0,
          0.7095931987967465
        ],
        [
          -0.20681014658470687,
          0.0,
          0.978381093066302,
          0.08497249385758888
        ],
        [
          0.0,
          0.0,
          0.0,
          1.0
        ]
      ]
    },
    {
      "frame": 10,
      "timestamp": 0.6666666666666666,
      "transform_4x4": [
        [
          0.8724103413496179,
          0.0,
          0.488774177208906,
          0.1830952247653537
        ],
        [
          0.0,
          1.0,
          0.0,
          0.7279406957803756
        ],
        [
          -0.488774177208906,
          0.0,
          0.8724103413496179,
          0.08808955306369838
        ],
        [
          0.0,
          0.0,
          0.0,
          1.0
        ]
      ]
    },
    {
      "frame": 15,
      "timestamp": 1.0,
      "transform_4x4": [
        [
          0.9728279583935204,
          0.0,
          0.2315291847001038,
          0.17739635442613855
        ],
        [
          0.0,
          1.0,
          0.0,
          0.7231871950032529
        ],
        [
          -0.2315291847001038,
          0.0,
          0.9728279583935204,
          0.10041143530008033
        ],
        [
          0.0,
          0.0,
          0.0,
          1.0
        ]
      ]
    },
    {
      "frame": 20,
      "timestamp": 1.3333333333333333,
      "transform_4x4": [
        [
          0.8846708859582529,
          0.0,
          0.4662160695834496,
          0.18119986550971798
        ],
        [
          0.0,
          1.0,
          0.0,
          0.7282330151205322
        ],
        [
          -0.4662160695834496,
          0.0,
          0.8846708859582529,
          0.09395171569884839
        ],
        [
          0.0,
          0.0,
          0.0,
          1.0
        ]
      ]
    },
    {
      "frame": 25,
      "timestamp": 1.6666666666666667,
      "transform_4x4": [
        [
          0.9769332672023933,
          0.0,
          0.2135448230073894,
          0.17616910498764668
        ],
        [
          0.0,
          1.0,
          0.0,
          0.7207445031046079
        ],
        [
          -0.2135448230073894,
          0.0,
          0.9769332672023933,
          0.09879815480428901
        ],
        [
          0.0,
          0.0,
          0.0,
          1.0
        ]
      ]
    },
    {
      "frame": 30,
      "timestamp": 2.0,
      "transform_4x4": [
        [
          0.9799856784181772,
          0.0,
          0.19906800369538324,
          0.17364641920206617
        ],
        [
          0.0,
          1.0,
          0.0,
          0.7205728902211068
        ],
        [
          -0.19906800369538324,
          0.0,
          0.9799856784181772,
          0.09920824727948445
        ],
        [
          0.0,
          0.0,
          0.0,
          1.0
        ]
      ]
    },
    {
      "frame": 35,
      "timestamp": 2.3333333333333335,
      "transform_4x4": [
        [
          0.8977762708689083,
          0.0,
          0.44045177654848494,
          0.1808744317865596
        ],
        [
          0.0,
          1.0,
          0.0,
          0.7265718501629351
        ],
        [
          -0.44045177654848494,
          0.0,
          0.8977762708689083,
          0.09230851981073397
        ],
        [
          0.0,
          0.0,
          0.0,
          1.0
        ]
      ]
    },
    {
      "frame": 40,
      "timestamp": 2.6666666666666665,
      "transform_4x4": [
        [
          0.9797025831388365,
          0.0,
          0.2004566002682157,
          0.1753222068244388
        ],
        [
          0.0,
          1.0,
          0.0,
          0.7217102113283755
        ],
        [
          -0.2004566002682157,
          0.0,
          0.9797025831388365,
          0.10041439879240106
        ],
        [
          0.0,
          0.0,
          0.0,
          1.0
        ]
      ]
    },
    {
      "frame": 45,
      "timestamp": 3.0,
      "transform_4x4": [
        [
          0.9003441755401842,
          0.0,
          0.43517854447440996,
          0.17815034334106977
        ],
        [
          0.0,
          1.0,
          0.0,
          0.7259821450949832
        ],
        [
          -0.43517854447440996,
          0.0,
          0.9003441755401842,
          0.09013875421478242
        ],
        [
          0.0,
          0.0,
          0.0,
          1.0
        ]
      ]
    },
    {
      "frame": 50,
      "timestamp": 3.3333333333333335,
      "transform_4x4": [
        [
          0.867277664289544,
          0.0,
          0.4978247211865567,
          0.18028674987392332
        ],
        [
          0.0,
          1.0,
          0.0,
          0.7289657483483958
        ],
        [
          -0.4978247211865567,
          0.0,
          0.867277664289544,
          0.08974602368947582
        ],
        [
          0.0,
          0.0,
          0.0,
          1.0
        ]
      ]
    },
    {
      "frame": 55,
      "timestamp": 3.6666666666666665,
      "transform_4x4": [
        [
          0.9764775372183075,
          0.0,
          0.21561915338872123,
          0.17388457495042273
        ],
        [
          0.0,
          1.0,
          0.0,
          0.7252352384136019
        ],
        [
          -0.21561915338872123,
          0.0,
          0.9764775372183075,
          0.10216363930270697
        ],
        [
          0.0,
          0.0,
          0.0,
          1.0
        ]
      ]
    },
    {
      "frame": 60,
      "timestamp": 4.0,
      "transform_4x4": [
        [
          0.9009667135990814,
          0.0,
          0.4338882125461244,
          0.17828504611206825
        ],
        [
          0.0,
          1.0,
          0.0,
          0.7320135133306812
        ],
        [
          -0.4338882125461244,
          0.0,
          0.9009667135990814,
          0.09873319435892114
        ],
        [
          0.0,
          0.0,
          0.0,
          1.0
        ]
      ]
    },
    {
      "frame": 65,
      "timestamp": 4.333333333333333,
      "transform_4x4": [
        [
          0.8364482715837521,
          0.0,
          0.5480458821709672,
          0.17969195425880036
        ],
        [
          0.0,
          1.0,
          0.0,
          0.7310917370978305
        ],
        [
          -0.5480458821709672,
          0.0,
          0.8364482715837521,
          0.09247847273690933
        ],
        [
          0.0,
          0.0,
          0.0,
          1.0
        ]
      ]
    },
    {
      "frame": 70,
      "timestamp": 4.666666666666667,
      "transform_4x4": [
        [
          0.8509884871933988,
          0.0,
          0.5251843435064402,
          0.1758348273607997
        ],
        [
          0.0,
          1.0,
          0.0,
          0.7288978792021791
        ],
        [
          -0.5251843435064402,
          0.0,
          0.8509884871933988,
          0.08948189066892918
        ],
        [
          0.0,
          0.0,
          0.0,
          1.0
        ]
      ]
    },
    {
      "frame": 75,
      "timestamp": 5.0,
      "transform_4x4": [
        [
          0.8558987654152004,
          0.0,
          0.5171434069585881,
          0.17819090382650404
        ],
        [
          0.0,
          1.0,
          0.0,
          0.7326551726694776
        ],
        [
          -0.5171434069585881,
          0.0,
          0.8558987654152004,
          0.09609477562003077
        ],
        [
          0.0,
          0.0,
          0.0,
          1.0
        ]
      ]
    },
    {
      "frame": 80,
      "timestamp": 5.333333333333333,
      "transform_4x4": [
        [
          0.8579602798827515,
          0.0,
          0.5137160287002059,
          0.17976554258312274
        ],
        [
          0.0,
          1.0,
          0.0,
          0.7315115369294029
        ],
        [
          -0.5137160287002059,
          0.0,
          0.8579602798827515,
          0.09309917365467985
        ],
        [
          0.0,
          0.0,
          0.0,
          1.0
        ]
      ]
    },
    {
      "frame": 85,
      "timestamp": 5.666666666666667,
      "transform_4x4": [
        [
          0.8591117196205529,
          0.0,
          0.5117880940493014,
          0.17939114610297494
        ],
        [
          0.0,
          1.0,
          0.0,
          0.7322839628625758
        ],
        [
          -0.5117880940493014,
          0.0,
          0.8591117196205529,
          0.09661780278519991
        ],
        [
          0.0,
          0.0,
          0.0,
          1.0
        ]
      ]
    },
    {
      "frame": 90,
      "timestamp": 6.0,
      "transform_4x4": [
        [
          0.8599309358373385,
          0.0,
          0.5104104089748946,
          0.17908577703023454
        ],
        [
          0.0,
          1.0,
          0.0,
          0.7311779733796935
        ],
        [
          -0.5104104089748946,
          0.0,
          0.8599309358373385,
          0.0932225447004002
        ],
        [
          0.0,
          0.0,
          0.0,
          1.0
        ]
      ]
    },
    {
      "frame": 95,
      "timestamp": 6.333333333333333,
      "transform_4x4": [
        [
          0.8262709931452645,
          0.0,
          0.5632727988166465,
          0.17997744026001894
        ],
        [
          0.0,
          1.0,
          0.0,
          0.7303780030002932
        ],
        [
          -0.5632727988166465,
          0.0,
          0.8262709931452645,
          0.09492259173697873
        ],
        [
          0.0,
          0.0,
          0.0,
          1.0
        ]
      ]
    },
    {
      "frame": 100,
      "timestamp": 6.666666666666667,
      "transform_4x4": [
        [
          0.8514684408913575,
          0.0,
          0.5244058487145626,
          0.18031664131512418
        ],
        [
          0.0,
          1.0,
          0.0,
          0.7297309717453184
        ],
        [
          -0.5244058487145626,
          0.0,
          0.8514684408913575,
          0.0935568026944661
        ],
        [
          0.0,
          0.0,
          0.0,
          1.0
        ]
      ]
    },
    {
      "frame": 105,
      "timestamp": 7.0,
      "transform_4x4": [
        [
          0.8589438642074,
          0.0,
          0.5120697590567711,
          0.18049885565927218
        ],
        [
          0.0,
          1.0,
          0.0,
          0.7275190861325357
        ],
        [
          -0.5120697590567711,
          0.0,
          0.8589438642074,
          0.09191884365717147
        ],
        [
          0.0,
          0.0,
          0.0,
          1.0
        ]
      ]
    },
    {
      "frame": 110,
      "timestamp": 7.333333333333333,
      "transform_4x4": [
        [
          0.9618850577682586,
          0.0,
          0.27345408324278836,
          0.17420787910721028
        ],
        [
          0.0,
          1.0,
          0.0,
          0.7216726982090259
        ],
        [
          -0.27345408324278836,
          0.0,
          0.9618850577682586,
          0.10057792330113963
        ],
        [
          0.0,
          0.0,
          0.0,
          1.0
        ]
      ]
    },
    {
      "frame": 115,
      "timestamp": 7.666666666666667,
      "transform_4x4": [
        [
          0.9800748715798862,
          0.0,
          0.19862841211082966,
          0.173609946844478
        ],
        [
          0.0,
          1.0,
          0.0,
          0.7184936599170607
        ],
        [
          -0.19862841211082966,
          0.0,
          0.9800748715798862,
          0.09968993768686447
        ],
        [
          0.0,
          0.0,
          0.0,
          1.0
        ]
      ]
    },
    {
      "frame": 120,
      "timestamp": 8.0,
      "transform_4x4": [
        [
          0.9842814112188553,
          0.0,
          0.17660720123771476,
          0.170065701437422
        ],
        [
          0.0,
          1.0,
          0.0,
          0.7155025877873424
        ],
        [
          -0.17660720123771476,
          0.0,
          0.9842814112188553,
          0.09493879180128709
        ],
        [
          0.0,
          0.0,
          0.0,
          1.0
        ]
      ]
    },
    {
      "frame": 125,
      "timestamp": 8.333333333333334,
      "transform_4x4": [
        [
          0.910223501218077,
          0.0,
          0.41411734789828036,
          0.17913359888239277
        ],
        [
          0.0,
          1.0,
          0.0,
          0.7239904347201264
        ],
        [
          -0.41411734789828036,
          0.0,
          0.910223501218077,
          0.09042417274428079
        ],
        [
          0.0,
          0.0,
          0.0,
          1.0
        ]
      ]
    },
    {
      "frame": 130,
      "timestamp": 8.666666666666666,
      "transform_4x4": [
        [
          0.8772934706793329,
          0.0,
          0.4799543377274658,
          0.18147690278202622
        ],
        [
          0.0,
          1.0,
          0.0,
          0.7244758670802958
        ],
        [
          -0.4799543377274658,
          0.0,
          0.8772934706793329,
          0.08902037213727579
        ],
        [
          0.0,
          0.0,
          0.0,
          1.0
        ]
      ]
    },
    {
      "frame": 135,
      "timestamp": 9.0,
      "transform_4x4": [
        [
          0.8668505426499407,
          0.0,
          0.49856808633074723,
          0.18098332357112173
        ],
        [
          0.0,
          1.0,
          0.0,
          0.7259767171109145
        ],
        [
          -0.49856808633074723,
          0.0,
          0.8668505426499407,
          0.08982014926517917
        ],
        [
          0.0,
          0.0,
          0.0,
          1.0
        ]
      ]
    },
    {
      "frame": 140,
      "timestamp": 9.333333333333334,
      "transform_4x4": [
        [
          0.8639280266763878,
          0.0,
          0.5036152943696633,
          0.17785493783542106
        ],
        [
          0.0,
          1.0,
          0.0,
          0.7243337931157511
        ],
        [
          -0.5036152943696633,
          0.0,
          0.8639280266763878,
          0.08461219852025514
        ],
        [
          0.0,
          0.0,
          0.0,
          1.0
        ]
      ]
    },
    {
      "frame": 145,
      "timestamp": 9.666666666666666,
      "transform_4x4": [
        [
          0.8632896115943707,
          0.0,
          0.5047088730280465,
          0.1809749201802076
        ],
        [
          0.0,
          1.0,
          0.0,
          0.7280348676757216
        ],
        [
          -0.5047088730280465,
          0.0,
          0.8632896115943707,
          0.08939008581220559
        ],
        [
          0.0,
          0.0,
          0.0,
          1.0
        ]
      ]
    },
    {
      "frame": 150,
      "timestamp": 10.0,
      "transform_4x4": [
        [
          -0.8429756331031003,
          0.0,
          0.537951746901548,
          0.17504226803783585
        ],
        [
          0.0,
          1.0,
          0.0,
          0.7302775900764563
        ],
        [
          -0.537951746901548,
          0.0,
          -0.8429756331031003,
          0.10581596719551374
        ],
        [
          0.0,
          0.0,
          0.0,
          1.0
        ]
      ]
    },
    {
      "frame": 155,
      "timestamp": 10.333333333333334,
      "transform_4x4": [
        [
          -0.9994851973300156,
          0.0,
          -0.03208333396297411,
          0.17423894521573846
        ],
        [
          0.0,
          1.0,
          0.0,
          0.7304638790475595
        ],
        [
          0.03208333396297411,
          0.0,
          -0.9994851973300156,
          0.10781176659446016
        ],
        [
          0.0,
          0.0,
          0.0,
          1.0
        ]
      ]
    },
    {
      "frame": 160,
      "timestamp": 10.666666666666666,
      "transform_4x4": [
        [
          0.20542447687328147,
          0.0,
          0.9786729710691608,
          0.17819181044771773
        ],
        [
          0.0,
          1.0,
          0.0,
          0.7336941511066536
        ],
        [
          -0.9786729710691608,
          0.0,
          0.20542447687328147,
          0.10016184110391009
        ],
        [
          0.0,
          0.0,
          0.0,
          1.0
        ]
      ]
    },
    {
      "frame": 165,
      "timestamp": 11.0,
      "transform_4x4": [
        [
          -0.9443761495811647,
          0.0,
          0.3288672803765276,
          0.17358180350632166
        ],
        [
          0.0,
          1.0,
          0.0,
          0.7326949959791559
        ],
        [
          -0.3288672803765276,
          0.0,
          -0.9443761495811647,
          0.10891322376844859
        ],
        [
          0.0,
          0.0,
          0.0,
          1.0
        ]
      ]
    },
    {
      "frame": 170,
      "timestamp": 11.333333333333334,
      "transform_4x4": [
        [
          0.3168485201343952,
          0.0,
          0.9484761543068143,
          0.17753130220719565
        ],
        [
          0.0,
          1.0,
          0.0,
          0.7340187672203431
        ],
        [
          -0.9484761543068143,
          0.0,
          0.3168485201343952,
          0.10048165518795155
        ],
        [
          0.0,
          0.0,
          0.0,
          1.0
        ]
      ]
    },
    {
      "frame": 175,
      "timestamp": 11.666666666666666,
      "transform_4x4": [
        [
          0.7066805277190277,
          0.0,
          0.7075327778575043,
          0.1790176820556882
        ],
        [
          0.0,
          1.0,
          0.0,
          0.7326910050033804
        ],
        [
          -0.7075327778575043,
          0.0,
          0.7066805277190277,
          0.09503723492755344
        ],
        [
          0.0,
          0.0,
          0.0,
          1.0
        ]
      ]
    },
    {
      "frame": 180,
      "timestamp": 12.0,
      "transform_4x4": [
        [
          0.7962230794035414,
          0.0,
          0.6050031469547426,
          0.17839895092560495
        ],
        [
          0.0,
          1.0,
          0.0,
          0.7311666917001163
        ],
        [
          -0.6050031469547426,
          0.0,
          0.7962230794035414,
          0.09236211971972005
        ],
        [
          0.0,
          0.0,
          0.0,
          1.0
        ]
      ]
    },
    {
      "frame": 185,
      "timestamp": 12.333333333333334,
      "transform_4x4": [
        [
          0.8193455737977446,
          0.0,
          0.5732999482801692,
          0.17783024543918358
        ],
        [
          0.0,
          1.0,
          0.0,
          0.7305690725324071
        ],
        [
          -0.5732999482801692,
          0.0,
          0.8193455737977446,
          0.09378259864497625
        ],
        [
          0.0,
          0.0,
          0.0,
          1.0
        ]
      ]
    },
    {
      "frame": 190,
      "timestamp": 12.666666666666666,
      "transform_4x4": [
        [
          0.9608864206690753,
          0.0,
          0.27694274963207266,
          0.1722595069543378
        ],
        [
          0.0,
          1.0,
          0.0,
          0.7247740262133864
        ],
        [
          -0.27694274963207266,
          0.0,
          0.9608864206690753,
          0.10328937313147091
        ],
        [
          0.0,
          0.0,
          0.0,
          1.0
        ]
      ]
    },
    {
      "frame": 195,
      "timestamp": 13.0,
      "transform_4x4": [
        [
          0.9829841326898904,
          0.0,
          0.18369048663418555,
          0.17157031271123216
        ],
        [
          0.0,
          1.0,
          0.0,
          0.7240825128315693
        ],
        [
          -0.18369048663418555,
          0.0,
          0.9829841326898904,
          0.10451103831923884
        ],
        [
          0.0,
          0.0,
          0.0,
          1.0
        ]
      ]
    },
    {
      "frame": 200,
      "timestamp": 13.333333333333334,
      "transform_4x4": [
        [
          0.987491512112329,
          0.0,
          0.1576721709944591,
          0.17226660012222214
        ],
        [
          0.0,
          1.0,
          0.0,
          0.720876186513099
        ],
        [
          -0.1576721709944591,
          0.0,
          0.987491512112329,
          0.10215554674462422
        ],
        [
          0.0,
          0.0,
          0.0,
          1.0
        ]
      ]
    },
    {
      "frame": 205,
      "timestamp": 13.666666666666666,
      "transform_4x4": [
        [
          0.9992296501663462,
          0.0,
          -0.039244187193027066,
          0.17066559972782494
        ],
        [
          0.0,
          1.0,
          0.0,
          0.7171839619981722
        ],
        [
          0.039244187193027066,
          0.0,
          0.9992296501663462,
          0.09338068680747405
        ],
        [
          0.0,
          0.0,
          0.0,
          1.0
        ]
      ]
    },
    {
      "frame": 210,
      "timestamp": 14.0,
      "transform_4x4": [
        [
          0.9953884398837195,
          0.0,
          0.09592629329779707,
          0.17415197515900582
        ],
        [
          0.0,
          1.0,
          0.0,
          0.7176716808415601
        ],
        [
          -0.09592629329779707,
          0.0,
          0.9953884398837195,
          0.09850078964065495
        ],
        [
          0.0,
          0.0,
          0.0,
          1.0
        ]
      ]
    },
    {
      "frame": 215,
      "timestamp": 14.333333333333334,
      "transform_4x4": [
        [
          0.9972648758678525,
          0.0,
          0.07391053619259437,
          0.17424643780676402
        ],
        [
          0.0,
          1.0,
          0.0,
          0.7185585144023247
        ],
        [
          -0.07391053619259437,
          0.0,
          0.9972648758678525,
          0.09913679862072156
        ],
        [
          0.0,
          0.0,
          0.0,
          1.0
        ]
      ]
    },
    {
      "frame": 220,
      "timestamp": 14.666666666666666,
      "transform_4x4": [
        [
          0.9911847360640653,
          0.0,
          0.13248705217344506,
          0.17532510150593475
        ],
        [
          0.0,
          1.0,
          0.0,
          0.7180714919240249
        ],
        [
          -0.13248705217344506,
          0.0,
          0.9911847360640653,
          0.09760342559531789
        ],
        [
          0.0,
          0.0,
          0.0,
          1.0
        ]
      ]
    },
    {
      "frame": 225,
      "timestamp": 15.0,
      "transform_4x4": [
        [
          0.9182611083612074,
          0.0,
          0.3959754245799185,
          0.18102056355801976
        ],
        [
          0.0,
          1.0,
          0.0,
          0.7264907874820806
        ],
        [
          -0.3959754245799185,
          0.0,
          0.9182611083612074,
          0.09264861776557258
        ],
        [
          0.0,
          0.0,
          0.0,
          1.0
        ]
      ]
    },
    {
      "frame": 230,
      "timestamp": 15.333333333333334,
      "transform_4x4": [
        [
          0.8511083447360529,
          0.0,
          0.524990081354549,
          0.18259944620998797
        ],
        [
          0.0,
          1.0,
          0.0,
          0.7274661708874809
        ],
        [
          -0.524990081354549,
          0.0,
          0.8511083447360529,
          0.08903147525444458
        ],
        [
          0.0,
          0.0,
          0.0,
          1.0
        ]
      ]
    },
    {
      "frame": 235,
      "timestamp": 15.666666666666666,
      "transform_4x4": [
        [
          0.8618333514076935,
          0.0,
          0.5071915559247641,
          0.18149636040278513
        ],
        [
          0.0,
          1.0,
          0.0,
          0.7284559192241766
        ],
        [
          -0.5071915559247641,
          0.0,
          0.8618333514076935,
          0.09297494924825017
        ],
        [
          0.0,
          0.0,
          0.0,
          1.0
        ]
      ]
    },
    {
      "frame": 240,
      "timestamp": 16.0,
      "transform_4x4": [
        [
          0.9637085418188697,
          0.0,
          0.2669566377248332,
          0.17519273580079733
        ],
        [
          0.0,
          1.0,
          0.0,
          0.7212676811401159
        ],
        [
          -0.2669566377248332,
          0.0,
          0.9637085418188697,
          0.09938433742677183
        ],
        [
          0.0,
          0.0,
          0.0,
          1.0
        ]
      ]
    },
    {
      "frame": 245,
      "timestamp": 16.333333333333332,
      "transform_4x4": [
        [
          0.9813616199046151,
          0.0,
          0.1921701615188732,
          0.17483587580358906
        ],
        [
          0.0,
          1.0,
          0.0,
          0.7180496494065002
        ],
        [
          -0.1921701615188732,
          0.0,
          0.9813616199046151,
          0.09688196186465577
        ],
        [
          0.0,
          0.0,
          0.0,
          1.0
        ]
      ]
    },
    {
      "frame": 250,
      "timestamp": 16.666666666666668,
      "transform_4x4": [
        [
          0.9942201810127778,
          0.0,
          0.10736028905940745,
          0.17567995429409253
        ],
        [
          0.0,
          1.0,
          0.0,
          0.7185605147845634
        ],
        [
          -0.10736028905940745,
          0.0,
          0.9942201810127778,
          0.09684000875912101
        ],
        [
          0.0,
          0.0,
          0.0,
          1.0
        ]
      ]
    },
    {
      "frame": 255,
      "timestamp": 17.0,
      "transform_4x4": [
        [
          0.9200594485486961,
          0.0,
          0.3917787783127987,
          0.18147415046578427
        ],
        [
          0.0,
          1.0,
          0.0,
          0.7276958481726411
        ],
        [
          -0.3917787783127987,
          0.0,
          0.9200594485486961,
          0.09133529689550197
        ],
        [
          0.0,
          0.0,
          0.0,
          1.0
        ]
      ]
    }
  ]
}